2011
47252830
32765865
4006801
16327969
29412343
38513449
12839111
23911691
9465961
2327641
20684441
79190933
33154549
16795691
24980993
5427262
19690871
533765
30000
4238581
61409005
2124976
17635685
21544552
15284303
66852531
15983605
37919287
57706837
27922879
81005464
11915417
15753281
76994555
1
804609
3583431
25573472
4457401
3654841
4249369
13213741
39134607
47048101
40979135
8248438
63278017
13773007
375187
26665837
29795635
32981683
28479521
2034565
533149
6987525
28947601
20776942
18939361
49424961
61243573
43062718
17666857
31044409
33109065
26768377
19118761
21293737
34311439
6273373
68299492
10784444
83391364
45272281
52152151
17855601
16407451
55798776
15270137
33620525
1300206
31700602
2401513
29724205
831749
15836985
41903206
12159830
15550462
66215696
3644083
686341
7173601
10467803
20872215
11850517
14868573
60600513
32407990
218785
31151611
30359681
49390615
24555497
934607
58467557
10059636
38480175
14314567
584023
20514340
16830451
25975831
37422247
5439001
28645956
6922865
3635553
8198311
18202714
18872301
7783525
1678645
19034445
3491776
33275371
8564963
3189709
86154796
55168345
900151
37178972
29637241
4256475
44738215
8581726
11505946
34290034
88450207
29291923
7863041
57007545
46040561
35579633
1915993
1927949
46528
60159811
22555612
3148717
4629626
2536545
5231251
328453
1625401
1867789
1649278
165171
34213969
53607776
45909261
8160986
11772731
81171793
36206101
48039653
1027549
56160028
63509587
2953396
19625775
29958625
3068938
58330007
18255227
20389353
56220466
3710560
32654513
49000651
43688772
22544113
2761345
57643405
16814519
1064713
188721
12309113
71123020
47472922
13952849
24267331
18774377
12061522
14575531
29562913
37725995
47335001
16253921
27080495
275500
4231333
57413089
45798069
61615
5126795
7931311
47791477
23892239
16776471
42368569
33664582
86424409
24638890
27787517
17758843
1218939
1204309
60758241
1551811
44183705
53169625
23604583
91280461
1509453
76535308
21501916
10817713
25050471
32684180
27920171
23119906
77395601
8976091
21169660
2975869
37490251
22548691
24570721
1190113
50651521
46072041
51291334
10908351
2817311
4798721
2183521
37106956
51900157
78204709
50651965
36813134
57402907
37142961
27557971
12315314
20668238
3215449
15292991
23209741
6892177
7899053
31566116
24832795
23370436
16653880
14951359
34776018
20254840
14657725
73379707
37844535
26974206
76026250
75904585
37375
2721793
19570473
2689809
4263471
20200753
18486389
28530217
48456082
27227043
2121
59217566
13195441
22765815
42836146
5848681
40253721
83710148
37864591
6297157
7290271
37388901
30650356
47661958
41894601
7509136
3957823
555028
7272277
6534001
59937937
12996017
26438231
13621639
16575646
36335826
8086017
30898271
7665726
13653009
9999617
33365601
10615481
60254577
5779734
9335178
58095907
26470503
28843659
50875154
10525377
39465489
3809773
25201
20552129
45136025
12268190
14687601
15190001
3008116
13182808
17680001
26239159
49246648
37009265
20780551
1093015
2815035
17171713
58482853
8830486
57921517
18112249
9991009
7646926
12372221
38121651
71371829
1223601
8431657
71376481
10738211
17046511
9007477
24727249
13941185
23651722
11345291
35768601
7226915
30810295
8922541
19627021
52885097
2216005
49356487
11281439
80079193
437933
28533394
805737
24365241
8534701
7645742
7720651
14795431
85199613
94121
30108025
2387833
33137021
26464233
8025076
22282801
22759381
14632433
7024129
56939741
35178873
3657980
66106761
66728206
33506691
12720268
10555993
18175501
72315181
19070206
43864301
9393101
1325491
32383261
28510021
3991476
71441251
28161217
35952497
42212701
8648032
7132815
82314828
7982753
37436001
6230946
2762866
8001063
24002641
6785101
3046743
44069581
20622458
51637269
6489757
58040767
30243981
13208937
67485265
22144051
11348613
581271
7384696
11370932
966526
12583918
33323496
9205199
42196873
39717085
32474647
62370775
7715731
20215032
23512805
3564449
22128826
4811238
37894837
313411
23860171
55281978
2422465
26943841
28653739
64594346
6141777
44467109
5462536
6377761
33447890
24039338
19499811
4788988
95628553
16718515
10276651
43939663
49476505
2666044
61240233
4906875
764877
34095941
14515551
13923307
2955725
8160406
10135075
4217833
8240464
3416321
13661536
19071657
3505673
40042551
4556161
14887621
2867800
61479779
444285
9250385
59696129
79108173
21890691
43332513
2632465
66401028
13945089
1779535
52918525
4672633
7915986
5865181
3630130
80075805
7936945
6972151
9093868
202065
1267113
6546995
25601681
175781
2279621
6596602
4833401
60512313
63139759
2063503
20468293
38515655
63824541
14755346
67706394
47440371
45143595
75035296
44728785
20848188
30445231
44077815
3876513
22801
24534560
14873209
46841146
12849315
693076
11889693
17287108
63886209
3586311
27552001
1060291
1647581
1527681
23929513
28672825
47699055
29213827
10020817
3763617
10035141
31814647
31456648
2665333
4373140
10576567
1833505
12374891
12881173
26689111
7277323
17415059
2727370
31843
55520584
6725213
8902781
39969397
48617041
47008954
7924918
22077693
28566377
481261
23920429
15349076
15848008
30718351
8653401
18260177
15445345
49975348
56499851
71230339
91486741
309413
5972338
9068929
14969413
19460251
5484545
11997649
33233653
1590106
35055763
50449709
12926688
21033501
23916781
6607613
23933449
22792267
24651117
13508449
42255799
24625
21656852
10226098
63430842
12887151
770995
51018751
22454461
10416487
13086993
45633721
68264303
3362246
25273509
9122526
1478083
430246
6735235
14935761
21147391
10863307
69770491
50005474
17171026
25737216
28016829
24824969
28228877
57915101
42959215
38159048
29744867
57389464
4535827
35186049
30656033
7090567
86343517
13547641
14505076
37046241
4713073
16689335
29854001
47461653
37790101
40391456
5708098
18600814
192785
23223691
13377035
52868290
62734183
231826
16593535
2375006
28463467
38374093
20866411
8048314
8629763
50286545
54423264
8534502
48931953
18025226
68103126
8084611
31588641
343144
9245361
1838500
34105279
34461779
85681
22577953
20545141
1788025
9082412
8695361
5962789
31981913
6963965
28306744
9823
36527505
19560568
7827233
14741053
20320088
838385
20591437
478927
18844771
2088447
20934511
8143997
54160419
3786859
5362729
29858176
67850076
19262551
6551528
33495361
26197208
16247881
1963501
33178558
94373148
9386261
4091221
3219661
29098081
14377879
13482521
14507054
15851872
49217931
227248
38854609
62164621
11388103
6350911
20003221
22253815
20929875
4753217
16182295
22379995
31628683
21572599
17387104
73782577
12939823
49047911
71290640
8887159
42609946
686946
86709479
29696401
19378405
12737377
22529613
40943889
57776778
47770789
13198321
16224063
38251151
45638946
6546233
26561889
20345049
19832071
4095613
18512011
37088417
971334
68043427
70759185
5355057
15243355
18902291
29898073
36895744
8313709
19825113
54509687
21808264
2930561
30081411
17451071
22901798
7903393
41823685
11185625
784998
7473251
2165271
28218828
15770665
25108993
14691171
67557931
59226691
8307981
39558807
4134693
29818231
66193648
2396296
37860247
16315171
18458601
31288741
13026250
15321331
11437792
601641
83489551
48143553
77884675
9359311
17458852
3969487
34983725
3522478
27293157
12163512
773325
60306065
5825249
35590965
13771297
19785767
44117152
48740051
9272005
16197026
9158419
12219441
70461625
17325441
18095625
18571323
13905573
303601
25978272
40191841
11977351
83440161
25237311
47168626
33277927
7195862
52093531
35299053
1646056
65471266
3802683
38463007
29598522
11319531
13242736
12401311
21282561
449959
50345161
2471041
7880239
76321884
25696861
11233409
28886401
35941861
59732765
28520116
3584221
6098005
84704509
17861746
4885803
30143521
11013849
37421341
5618722
18933505
16226995
13089115
8973711
20868641
5369356
55073079
231544
2859286
352441
1373449
36605875
12108376
96267331
49616737
3258732
33806958
72421441
44685980
8053725
2665546
45784577
4477606
24499361
65696914
83450985
59851177
12829285
29208961
36976281
20547001
26344657
57525339
6978042
17238647
22482461
4045420
14275411
50715553
8342687
77183
49761976
45622666
26591401
58635295
21752856
40953589
80616781
465921
6023905
1989009
194841
19156929
10118208
10295560
34062085
8186331
59445220
62946751
38295379
53289991
76076344
948417
38043196
43321503
29991547
11167199
9121876
13531796
12571626
83613201
64071162
1617281
6252701
7537321
21682396
44538286
24843451
30606601
36776941
43416094
3211111
5021701
36576073
48702742
23846285
45203068
8575651
10659080
10746001
6125007
23028625
20034036
80883501
79282726
79442545
5469381
17111473
36426079
40888261
14992825
52082689
14943286
5796909
6256837
6529481
50567244
5936789
22986725
14344273
4934467
49106881
753060
60116887
35124235
18129277
31074897
18686467
45536257
19810369
2130262
51205597
71124828
2215366
65655843
62995201
30997281
11563817
70688957
10339919
2265828
61135801
9772757
7919176
4106895
6283141
45069851
45203281
9193249
42053461
18528228
57042064
1532455
36781240
28931321
22672651
37437877
64046261
27224107
8433295
4321131
13845821
3497533
18712617
10912461
6681777
9955505
7501221
747369
38991477
29572751
26266079
13737361
13173850
5664733
22684188
24116547
22031725
37720253
9771277
22751191
87144801
21737901
54889876
14722478
53837950
24766781
34122791
2794744
17092401
55983565
12848504
2496537
11538502
46360422
14941881
70855201
22490920
10569551
5903992
5464225
29446421
5279903
12147727
60482664
54676135
46547831
5595857
18054817
23433768
16051441
46561
6449665
63151105
26598997
10120321
6843979
18499279
29215369
55428129
10775206
33239330
12073669
1665790
3859304
34137005
32034058
70425649
46227853
22359176
11315615
3863119
9196537
44935026
44697693
17125246
30997186
51898717
62938443
1525817
2611576
2985949
10231781
8274916
30448990
31769068
27022462
1846897
39484189
14669931
11847984
441415
3541985
21359061
50105089
11788
2455489
111249
17145283
15342197
8605591
871417
82349801
637169
53770563
23905291
19379853
48163241
11445598
14987323
29310331
8209843
1096903
19446033
3222337
31943086
5584945
17453800
45687153
44122985
29118679
2390581
23764181
7128493
8660521
27399827
6810771
19007857
26473553
74714100
19022599
52252451
21747813
5594735
508246
70073890
11029851
19487721
67158019
2207536
13449751
19376001
541261
19002249
660859
50469091
5655057
27613451
14268106
24748193
74764243
709423
3735019
51087511
59550622
20246929
13941287
27648001
12511401
8108679
10996329
24855163
19774672
25000381
9825100
70528661
39223126
5736337
3739781
22321018
36686532
41399101
23491009
4409626
13354804
9769453
51573261
1607075
20468071
3544741
5482621
1720368
960343
18046750
24706081
47965212
10534525
5395701
252817
29987574
14757451
3190499
61996432
33016523
34087411
10415833
49469872
44670701
35789119
5878951
26428273
8665635
6786611
5578435
18328779
14103461
14932856
35291725
39216121
23262175
64433501
35914451
54093649
70318853
26965919
55142818
23690920
93759051
74899177
40826059
11110031
10101729
9109321
43662862
4310645
42815521
82330262
8304297
47563677
37305217
44700571
43077847
15319569
53410024
38329633
859029
6272901
26778225
62996116
10178035
10821889
34450001
6697187
47268677
13671295
52187401
32764033
17837749
15694849
27654411
2754545
25743961
92931292
32333371
2109841
5501781
18619169
5345509
75755906
6884452
66656336
30280902
4465753
56227840
33087313
53498665
64814037
3328651
28215622
4504076
62777534
92016346
10776256
6088732
60018729
15117863
5022681
3331182
2498537
22959901
66454176
964983
365821
13197131
73598821
6702661
40527791
7898136
651015
18087889
2180765
22023233
1051285
8346831
27867772
1457149
15743998
8781670
10852393
54468289
37795697
8479885
11581576
12641411
24791925
18325642
4801945
6751702
4869181
16809983
12768430
30251365
10483861
48550699
15336769
52049276
37148801
78687729
38059005
607678
8353912
4407416
2469013
5912416
28786402
11570406
3707825
30333566
33859189
1839265
10989969
8341516
19128881
44818311
65334809
25197711
436346
9546843
4491697
49289983
77041
6117121
9426025
27034561
16376821
27239731
2024047
10674131
4192527
8849172
50902125
73896531
1517821
1805193
20026630
45424369
5586511
48633163
5247289
59593313
33103648
15253723
38126161
19084864
9945046
12077101
16091883
12714431
5998601
21844711
45524701
55777681
16805551
15535527
24811018
37919179
29191
2641147
25359681
20168095
12236049
33905299
4135861
9534635
20307895
19862537
62535664
70124839
7153810
649431
2086805
15553476
19831981
15347437
11186052
38645509
5441396
733363
13104729
17472997
25714668
18433507
3490684
65208001
1409717
4103431
5349473
7162591
33752025
4944058
2919911
33912542
93720265
66029491
25906213
3028449
536629
17525831
11882945
12814481
32181176
73621221
4506925
50286221
18409789
10929661
65764177
88960125
40106315
40925116
29959585
11254261
78926661
69682691
35270758
12018674
2114263
68860996
69881293
4610637
94388289
3661461
3955601
16717933
22608
9605449
36381535
22420001
48441511
59824049
1142025
11061169
54342133
26284531
9810514
69365441
78278896
10826201
39898501
17792906
13570851
4946209
2295288
34566145
93346
8336364
13045857
21610369
66243981
38711197
23247483
2219288
30011086
29146357
12772711
4517723
21375971
56110193
54610495
2001626
58455429
19104443
2913433
707105
418231
21541381
7396111
17262311
5053455
16064881
7518912
55461
6840821
26512888
4007998
4438442
11407201
18267063
10709143
34001764
9231511
16478617
10552396
3462808
880717
27153099
1245626
17306311
34292269
11320921
38678553
34074401
59238887
43667449
22853656
11969338
17956785
36572953
2443938
8126473
37399321
42294711
1748740
556172
78259081
46678401
49585551
1929572
17357761
54037558
61313119
24429861
12253738
6632709
146471
37062793
11949040
19151089
41398876
27653584
43914961
52025986
7949813
417473
4110406
63737077
5305411
17340149
21582508
50843631
4293862
12740050
17966061
8245369
74170187
125698
20594696
58605985
8966651
5381647
8555119
19450697
60736595
11805118
20217163
54986331
17575825
1195151
37949004
3367701
15883939
4543093
4643626
6877894
1582265
55025230
3822619
80683
7188086
11560277
17451617
68917542
8630965
69420169
56143774
23463153
63875527
24816001
31145161
11059561
11745212
19230283
29581228
27984364
36290001
899507
3501442
18060911
27403891
15946729
2640846
57965725
56905861
8281058
683471
2326985
1972052
22860913
20082406
61012953
23707065
1853869
45564395
4456399
28006441
17283405
64288225
4573101
14422887
2838241
14259201
8107
3902549
831661
15509713
23743409
57711489
26893945
7010381
21761377
1231651
9607628
8990788
5973903
22775949
6736562
505681
52831406
20155158
13307185
63317
57649519
14117181
48838531
2316389
19578177
16052401
166013
4220389
16990333
56224456
13638561
39990064
84690457
38455165
12703065
34015515
58352569
37293377
19201549
15907632
8671169
2096761
22884121
4005275
24396331
30246889
10837121
56227510
24181535
33719449
17952901
45403436
14183083
20817425
82372060
18678307
3022251
56387393
3551913
30986281
38849383
58553489
11527929
13755407
10317061
17750632
8933761
3973287
36208001
1580889
76280821
77482663
24528001
2818639
4445578
2035216
87808495
62200897
2518057
959284
18691081
46151925
670349
13311292
61447011
27375561
61970065
19021976
18235137
25336606
8425609
22543099
49229767
20622016
9219541
7364611
17356321
42199817
5436208
31897594
49413159
45663181
8251939
17398075
69255616
18082247
22730221
3688041
24878065
18374623
16999081
2476501
8054101
9028723
27253297
48184501
9745801
2396109
35753137
1755098
2149501
31659604
32018761
18268336
11842048
6818454
61115716
38912707
65421721
6391771
4013905
80115169
6362073
62419717
73870985
30940017
3458872
32554593
57108701
14919521
47611033
19914528
9776782
1930010
19192573
8836345
19626669
6013798
183867
41718665
2436271
20897069
9840451
7877557
17899426
25434676
15689961
65804939
7502481
14509921
47517766
33303399
30564358
7161228
11743585
51401516
8501665
19050931
21465549
17025463
35987425
7692595
52605382
4589311
12498585
33047689
1500941
23094869
70820
6439285
14817049
9905861
40019761
15186837
2127306
21835867
74088313
13772653
20234541
75404731
2598725
10823502
41450087
10063465
55342876
2424781
4264417
25281383
6847561
48484875
72129151
4481161
6135361
14241791
35501016
1953682
88791961
13898041
407421
5114131
41827273
6074881
83033818
34054813
32622349
1199529
32739433
4231811
6982444
2458216
73934377
29007037
9604109
24156727
3490687
16447016
1803393
6496177
34495401
10494625
5569646
7321573
45167045
7820038
50389396
4595097
32654001
26832205
21008431
56926570
28576211
28315330
41847961
42000121
9152093
4061483
2293567
63269098
11554901
3912877
3080543
1369950
55997466
63895195
19816325
51014241
42380318
2509601
20045065
103468
29864071
265090
16655565
27883964
23000572
21920566
18203263
61365301
36592561
26278354
69798268
16870887
32977031
25490781
13158433
15016765
7828942
3587721
3532311
10293517
1760487
32288091
24919651
12105361
24242601
353809
21133155
10888671
7884893
75455913
11539567
37964977
10372177
83356913
31376961
71505331
10384606
11720305
4849874
28561339
20201149
61349227
26925526
17828247
4840627
4527030
7456699
29618326
77457535
3793681
3406561
1442901
1993309
22551937
23808169
39189327
46492117
1357177
10078471
19306585
22616413
7498051
10378825
5439580
36673561
42228603
305559
7645624
29888689
44855258
44609519
2295931
23176961
6061729
2122105
14060755
11850567
36290153
12804971
8237999
37335145
6822483
26167171
50405411
2558921
77312801
23569261
7227956
1882635
8324527
68069261
16043847
41320381
21563101
20646577
8749983
27795306
8433843
21256517
11009
