500 10000 70
102 168
77 195
51 381
370 206
305 384
181 445
173 229
186 145
411 32
133 23
252 197
243 374
177 425
234 321
240 41
416 339
45 388
57 470
180 320
482 341
213 42
99 396
52 334
307 485
268 400
495 174
193 381
81 454
385 276
290 206
275 314
134 85
86 4
283 205
344 424
299 262
62 472
418 497
427 127
345 124
60 467
257 130
194 466
475 78
326 336
499 298
191 427
374 131
120 453
69 78
127 62
339 36
284 4
270 478
229 433
452 241
377 83
494 298
160 362
327 161
377 100
500 306
492 495
419 257
435 500
247 223
255 180
390 428
199 299
301 22
34 155
41 216
202 427
294 36
136 52
308 324
305 391
447 389
323 210
316 446
207 237
163 226
96 302
2 411
22 343
175 266
55 275
293 134
407 7
260 158
312 101
350 388
267 360
11 161
468 343
378 383
5 86
178 127
157 32
493 157
354 451
70 300
148 353
153 281
256 156
13 428
13 150
153 380
311 488
378 187
352 244
183 458
287 295
171 416
85 50
445 44
190 269
180 168
309 26
333 149
403 39
188 67
209 420
184 27
378 82
251 489
42 337
77 261
403 443
34 41
170 114
206 153
414 267
213 365
173 10
311 430
391 147
435 246
9 208
173 262
297 278
346 38
244 130
168 88
91 434
177 399
341 63
390 266
301 246
397 341
19 100
329 22
157 298
423 90
162 390
117 219
288 40
397 260
305 204
334 438
484 2
23 342
168 311
378 370
17 333
471 498
262 167
395 23
26 142
332 177
59 420
278 236
462 160
151 35
214 221
214 11
102 209
13 175
361 351
313 155
118 484
191 192
463 163
285 238
214 153
360 39
230 332
184 355
320 258
375 195
99 421
215 212
356 444
103 156
271 255
107 13
51 485
331 232
318 115
36 171
329 135
222 160
347 235
128 320
256 283
346 24
229 120
11 148
50 425
263 495
391 172
436 40
153 447
177 380
169 129
455 32
368 220
147 478
222 317
171 78
51 11
362 262
14 215
40 131
375 198
481 358
353 331
242 36
153 311
33 349
495 392
112 233
220 369
378 384
308 347
136 280
379 47
232 99
5 179
4 173
417 138
260 361
430 36
233 1
170 345
219 310
416 165
345 390
163 369
177 221
198 167
115 279
304 323
285 182
392 65
374 493
148 447
117 75
36 172
382 142
212 147
68 382
195 289
255 321
367 338
319 286
126 203
463 132
282 100
362 106
7 1
384 9
434 155
86 24
224 201
428 366
180 141
430 140
233 184
209 47
392 218
96 331
467 454
301 99
157 468
321 423
322 197
36 345
30 120
217 183
191 162
375 285
364 81
173 112
73 346
343 294
190 284
316 57
237 499
18 143
165 344
36 138
450 439
94 328
83 30
74 484
270 175
494 214
446 47
176 278
397 352
53 489
101 135
300 121
90 497
267 430
432 472
396 207
146 90
92 487
128 398
240 308
440 435
320 171
498 449
338 71
30 353
6 263
357 200
389 133
324 183
465 330
477 426
306 41
302 94
326 54
95 69
309 492
316 218
155 376
482 25
71 380
437 83
132 450
81 237
435 155
375 369
297 414
207 108
187 3
454 471
360 464
300 212
393 325
156 375
66 252
251 339
303 43
222 351
125 88
287 331
309 204
322 449
213 459
420 246
475 409
277 320
23 358
452 328
121 50
358 338
385 428
49 285
478 354
131 44
449 417
379 394
396 247
382 391
429 443
306 400
121 30
87 317
408 76
150 243
136 361
460 116
211 234
10 86
56 58
51 128
330 380
150 168
97 207
415 244
425 47
444 455
94 87
342 219
376 165
384 112
96 408
143 295
407 202
161 292
13 356
8 148
260 124
287 223
328 460
421 134
448 157
304 124
375 258
137 357
53 371
36 420
175 292
225 41
103 70
415 279
338 400
170 226
499 499
365 456
22 332
39 266
10 361
247 450
464 170
212 143
329 146
375 478
65 68
168 97
195 276
80 255
38 296
345 62
71 57
349 93
127 107
51 420
390 449
26 303
375 407
444 66
362 145
64 426
470 243
73 284
342 464
352 254
136 101
483 434
264 55
99 187
106 17
378 459
130 416
282 382
138 3
353 195
74 225
154 231
111 279
182 2
472 479
318 138
169 328
172 199
135 451
360 121
438 252
82 320
41 460
48 213
299 446
98 174
152 447
90 190
227 91
376 229
277 370
458 98
191 442
143 292
4 408
272 104
119 450
366 20
197 481
248 150
418 179
481 228
52 74
204 426
68 44
179 20
213 389
140 152
270 361
266 225
458 292
364 175
157 208
74 154
439 82
195 377
72 96
442 158
492 75
221 393
405 461
256 9
5 493
123 148
492 457
53 90
349 170
54 201
81 71
189 395
372 70
94 404
354 45
62 344
457 117
256 370
19 114
409 409
141 338
57 259
456 53
156 56
294 314
153 375
430 39
335 495
368 456
42 70
372 326
64 244
198 76
314 465
212 230
84 9
375 286
482 490
277 427
367 369
178 200
363 221
263 66
280 282
64 452
23 42
250 194
311 395
231 27
291 117
297 488
367 178
229 402
331 171
89 309
120 355
149 4
273 88
152 58
427 163
365 474
414 316
126 356
307 412
337 249
475 89
105 23
484 362
487 454
425 462
37 384
488 418
122 108
367 156
186 375
323 125
437 142
482 214
156 472
195 485
65 225
41 474
484 419
301 86
201 412
477 350
285 288
186 39
277 96
17 432
468 330
157 230
216 277
386 389
10 155
261 387
228 141
59 193
294 217
327 453
188 451
89 151
11 111
70 278
61 256
487 251
119 187
255 122
401 407
174 320
374 472
429 466
404 385
487 496
414 407
208 142
30 447
255 8
408 396
133 272
184 77
430 276
274 166
86 18
457 258
284 315
451 443
266 148
437 50
175 459
236 437
235 414
77 480
361 393
187 140
15 238
124 253
390 498
84 439
259 218
116 264
47 9
457 41
479 440
438 430
361 489
169 204
335 105
441 335
180 107
72 291
490 469
123 181
304 237
216 131
23 97
374 58
183 367
125 190
415 423
282 24
177 318
138 59
80 130
3 497
379 276
305 253
476 338
191 460
497 141
351 321
270 110
495 479
303 181
205 272
61 259
111 32
144 8
83 309
179 482
407 156
14 358
141 380
33 296
101 393
184 184
188 39
29 289
4 67
408 71
47 188
331 361
174 450
459 210
485 234
65 204
31 136
354 483
359 369
393 486
475 172
441 270
472 244
197 69
391 485
171 10
141 27
115 116
68 360
239 475
487 34
152 238
269 223
230 321
293 166
372 449
365 235
337 452
411 165
133 429
34 199
133 191
253 172
400 108
20 285
408 266
321 110
111 57
455 60
74 111
315 371
108 194
243 334
123 476
300 317
136 300
11 319
156 350
434 96
391 352
113 100
469 201
257 268
149 162
208 416
203 20
46 246
440 335
389 258
58 184
231 46
296 35
386 278
69 133
375 351
57 64
323 6
441 351
210 392
239 259
38 386
453 170
247 133
468 192
472 122
419 376
439 275
470 190
114 335
213 137
406 68
133 165
12 33
357 240
234 445
122 256
344 396
174 135
321 451
61 285
51 371
497 299
298 4
280 25
40 80
446 414
2 455
120 276
438 41
267 344
25 465
300 264
417 199
232 442
310 196
351 341
79 278
99 159
323 313
113 4
400 431
142 466
274 297
283 226
246 215
236 92
417 71
44 99
439 377
8 72
398 445
239 286
395 443
48 111
170 360
121 292
321 131
191 251
476 459
155 43
473 72
344 368
388 460
390 277
482 338
399 459
407 350
389 252
233 295
184 264
136 379
224 259
320 256
496 181
3 383
33 460
47 452
189 8
53 407
139 20
7 320
318 490
303 143
230 72
215 91
359 181
158 185
105 478
304 205
480 117
388 91
481 412
284 29
381 301
170 264
359 252
369 388
193 4
191 134
459 284
354 417
443 379
314 168
215 223
72 210
77 376
308 181
326 38
395 300
48 489
137 461
381 99
310 437
469 295
316 211
38 129
55 184
323 325
322 300
269 473
314 327
239 229
78 330
164 180
477 93
334 267
494 8
305 392
465 188
104 109
64 339
194 49
111 136
398 442
40 128
247 411
108 442
435 397
156 293
354 384
22 64
397 286
419 491
494 164
360 190
75 145
464 63
419 191
208 340
86 105
470 278
397 420
426 270
147 58
138 402
22 397
409 196
412 145
232 77
77 151
410 323
371 56
182 5
471 406
422 195
319 143
251 454
231 90
128 353
374 339
262 70
59 170
410 300
68 399
394 8
450 294
421 291
500 447
26 365
376 246
219 427
45 336
163 438
27 211
466 60
130 323
408 286
122 359
186 16
73 58
6 105
274 235
90 131
484 377
446 421
422 466
456 89
227 419
128 92
329 277
82 90
444 46
93 116
134 320
290 313
146 81
309 268
474 320
4 202
360 358
30 31
165 27
381 63
344 80
210 353
445 486
8 470
363 495
478 208
283 114
165 486
25 383
187 475
244 97
143 198
181 355
10 129
426 90
133 60
392 459
109 239
451 238
169 54
448 112
364 284
21 6
144 160
462 332
163 282
40 319
374 135
17 285
255 227
291 20
239 117
379 151
170 343
187 137
379 25
275 293
191 146
70 461
451 286
226 247
399 322
86 441
457 362
452 21
278 418
113 387
120 101
334 201
377 341
259 490
341 394
437 383
40 175
413 150
203 145
100 403
201 308
370 121
42 52
86 386
229 368
9 461
86 206
296 112
354 481
38 306
152 500
41 186
135 328
302 447
403 346
384 25
13 29
148 221
169 209
36 158
402 327
363 218
338 456
324 335
366 94
163 299
298 10
213 454
339 142
252 427
448 325
393 294
421 354
439 305
270 164
432 67
230 119
467 199
490 277
320 87
36 385
154 419
89 394
154 232
45 370
125 347
457 343
151 230
30 141
168 76
422 298
287 147
306 193
455 117
383 298
262 445
325 183
489 50
327 168
225 289
230 258
111 5
423 258
70 180
470 200
73 433
169 487
287 394
490 377
175 214
107 210
378 232
466 15
460 56
96 388
336 84
118 278
474 219
153 77
185 308
79 155
90 51
350 223
85 419
321 173
390 327
281 279
498 90
157 407
115 415
82 121
414 466
290 317
173 240
24 294
145 294
437 385
212 72
161 51
178 359
12 72
254 119
41 223
89 238
364 88
394 436
487 387
24 362
88 468
57 145
430 353
238 398
394 468
324 470
309 467
200 432
39 268
312 81
39 216
260 475
318 489
126 254
29 158
372 278
123 27
279 154
393 456
64 189
201 43
21 419
430 429
146 157
499 32
439 381
261 176
16 245
32 333
441 360
307 295
271 490
231 53
496 47
181 383
325 34
7 420
38 310
285 225
340 338
140 121
426 298
481 296
220 195
223 465
471 373
316 76
174 59
172 352
21 339
311 173
323 192
301 56
116 495
324 269
395 115
453 322
197 497
453 368
459 379
200 271
383 28
27 359
236 139
101 125
309 286
136 397
469 56
28 238
26 285
244 90
352 494
43 440
465 463
348 1
25 41
355 199
458 110
210 463
133 338
321 90
332 99
147 205
440 222
26 75
58 439
386 294
16 184
409 106
459 134
477 384
479 129
471 25
490 359
274 282
300 465
25 292
77 444
476 324
176 489
23 10
13 174
229 66
457 96
440 281
424 401
293 284
144 294
222 355
292 465
270 291
443 35
296 105
47 437
397 60
386 359
138 311
212 157
395 169
12 347
413 253
121 106
390 46
111 389
172 120
190 74
390 42
30 265
108 233
259 148
323 298
44 37
380 75
488 10
144 443
284 255
499 138
325 48
2 93
237 471
276 82
26 283
464 164
297 75
327 205
247 102
308 498
387 432
150 226
192 306
380 309
140 341
258 381
328 476
4 426
143 300
378 330
158 143
465 365
244 87
207 380
61 274
48 202
421 154
237 18
143 262
213 330
141 254
438 94
410 124
216 338
215 280
461 158
5 433
137 129
395 445
266 95
378 27
415 19
324 32
363 294
118 378
403 150
488 357
477 58
376 344
109 253
414 179
322 285
339 230
8 229
429 414
442 448
274 170
406 45
482 177
109 399
128 312
374 432
33 121
284 478
200 322
242 413
491 98
148 434
361 201
155 121
234 130
187 169
353 405
195 451
174 191
339 277
139 293
56 11
397 301
213 415
317 372
297 390
355 441
359 470
105 365
141 239
129 265
111 46
373 86
348 162
253 138
483 268
254 133
146 422
94 484
133 387
307 385
225 460
303 436
391 207
246 321
294 223
323 317
342 323
231 143
199 305
462 414
484 164
220 218
105 408
28 81
430 361
387 331
242 103
26 141
195 417
102 246
209 414
415 113
25 194
466 84
346 210
437 239
302 212
423 16
160 410
494 334
5 260
417 258
328 498
102 443
239 322
128 395
246 358
395 310
316 308
258 497
152 411
201 164
412 111
389 69
304 76
177 314
275 459
395 293
231 32
2 54
6 97
421 101
31 303
143 390
391 268
427 48
247 144
171 67
305 14
288 500
296 256
152 416
172 286
463 139
462 293
88 18
495 372
220 276
454 199
430 166
440 127
433 478
27 349
154 153
487 25
426 9
159 2
386 368
144 23
400 78
299 71
110 204
221 229
404 408
173 202
419 276
169 393
376 111
152 168
345 457
481 205
253 375
183 70
236 223
154 404
130 472
286 361
210 311
212 203
491 66
110 169
161 189
299 29
1 344
48 447
332 342
325 64
359 455
423 420
450 363
181 116
213 258
233 360
423 365
14 283
140 395
453 161
100 202
66 447
187 157
407 235
94 498
70 68
472 182
201 214
166 497
220 300
353 454
214 469
170 221
190 410
154 118
156 441
69 437
224 15
459 104
188 284
499 443
288 135
464 70
103 316
412 165
282 51
392 155
69 291
267 62
314 478
472 38
438 477
292 348
40 54
481 320
113 50
307 26
62 136
347 211
480 296
109 233
392 415
316 33
405 133
417 398
481 336
176 34
284 438
384 214
299 337
56 16
171 190
168 419
492 396
272 272
452 425
67 394
93 393
248 339
93 6
217 69
297 285
489 65
446 198
351 145
299 91
130 483
117 66
122 127
194 191
32 1
401 178
486 172
441 437
453 403
271 121
152 241
387 78
273 168
438 332
90 76
356 495
288 90
471 243
101 481
300 252
61 223
476 233
459 417
9 454
339 132
341 395
99 410
390 423
33 455
43 121
385 274
301 184
256 281
19 489
427 140
457 264
431 342
92 470
466 308
386 303
451 12
472 448
325 399
460 479
411 120
309 47
416 329
480 241
402 83
311 273
311 92
327 362
358 340
430 474
381 353
176 298
476 105
99 102
488 360
269 361
194 434
49 295
249 165
255 208
232 98
166 271
358 151
90 138
196 276
434 32
466 385
499 203
242 55
421 382
136 273
2 135
306 245
340 254
344 29
3 76
395 6
166 359
61 462
438 133
442 288
318 135
377 69
489 239
217 80
404 17
208 444
361 320
313 480
28 17
50 499
117 290
179 67
158 118
304 496
81 345
231 91
57 475
157 395
299 75
11 479
279 438
35 10
64 389
422 144
223 378
107 480
7 250
14 116
258 330
362 54
245 223
341 480
395 450
242 184
94 339
374 127
41 282
336 435
343 269
481 321
300 335
145 207
97 306
470 71
343 483
402 263
171 168
189 328
340 159
457 82
57 108
194 480
455 385
222 12
448 338
477 170
401 91
185 240
327 264
257 423
61 265
479 80
115 37
334 84
167 405
19 66
386 413
4 69
48 288
195 359
142 428
39 433
432 48
139 469
152 381
226 245
320 70
41 289
348 138
474 277
414 194
35 439
294 239
475 5
112 237
148 426
206 325
436 426
66 315
310 113
44 369
370 186
299 493
424 2
160 234
449 13
388 236
2 334
11 24
418 476
208 178
363 489
435 266
77 45
240 202
390 217
490 392
320 473
438 333
357 160
352 39
238 477
158 441
309 209
280 158
287 249
161 262
13 153
140 445
14 264
160 224
463 155
493 67
350 412
445 93
459 32
245 221
464 432
62 427
235 354
364 486
175 169
60 342
162 350
148 4
437 135
293 96
3 130
69 465
374 388
294 477
239 214
173 401
386 219
203 10
450 385
36 303
317 159
262 476
266 342
301 43
178 287
376 240
376 171
255 109
445 361
223 394
97 131
485 154
408 257
446 214
13 246
90 361
86 220
389 423
170 217
458 112
209 429
408 278
336 139
98 475
259 373
238 456
324 37
48 8
70 44
427 262
375 211
333 363
497 432
328 147
109 392
491 214
144 347
156 37
30 219
164 494
152 42
108 476
101 12
243 442
58 153
44 82
379 378
86 464
208 451
231 312
211 114
291 307
234 405
151 45
494 425
34 49
99 64
368 473
500 466
468 391
195 240
461 306
255 179
190 275
14 13
18 290
491 454
262 302
376 47
192 37
156 102
303 475
217 214
321 168
483 136
134 241
444 35
110 267
126 368
497 357
353 432
373 151
359 314
325 62
103 292
341 446
335 419
84 62
264 343
34 483
404 89
172 333
412 348
185 3
7 32
378 228
245 172
113 425
416 403
92 239
427 412
237 377
5 52
138 384
338 47
7 216
23 459
344 67
150 254
300 84
218 355
79 484
350 331
442 344
487 95
157 65
45 278
463 302
209 141
377 345
332 190
425 241
148 366
126 158
229 464
301 264
418 161
44 136
168 309
425 456
4 360
256 26
54 87
3 350
353 477
161 313
381 445
184 213
23 253
285 165
418 278
194 144
395 21
196 180
448 493
33 476
452 375
486 453
80 88
237 3
114 161
310 453
114 48
200 10
137 273
489 210
473 48
55 119
81 263
176 321
201 470
126 446
329 269
85 260
14 233
436 75
180 250
285 8
425 440
278 339
498 30
46 494
419 326
351 416
423 168
264 340
204 30
457 236
149 124
432 434
14 176
262 205
258 249
186 301
475 262
116 234
128 85
406 294
46 367
439 88
386 471
382 99
3 169
168 44
441 475
45 44
1 274
268 360
69 122
255 230
192 360
301 57
64 448
156 469
409 131
66 19
448 360
92 36
405 83
291 398
252 310
85 235
163 88
395 336
350 281
376 272
267 284
312 498
359 84
29 451
328 280
371 416
105 475
97 167
485 173
250 151
143 71
351 230
455 382
479 258
353 94
70 485
157 286
16 77
83 412
393 254
392 179
383 320
365 410
240 89
85 44
359 486
191 153
285 333
96 123
243 79
347 381
1 2
86 320
175 140
321 304
261 469
450 398
21 96
257 212
5 472
310 500
323 414
487 403
469 422
71 481
301 77
115 417
475 34
43 45
436 362
172 82
285 266
122 207
96 438
320 382
18 69
31 53
236 275
140 123
125 456
130 328
161 363
458 427
436 372
283 323
342 246
252 25
257 390
291 81
308 370
113 372
42 210
387 416
86 235
274 66
115 471
289 242
217 372
189 92
469 385
324 218
323 124
192 364
111 168
106 198
248 241
209 88
484 300
280 4
248 289
27 440
444 82
332 2
256 369
139 45
300 18
454 498
202 155
141 281
419 3
481 440
399 232
195 392
391 326
378 437
490 261
55 404
255 480
304 90
456 448
156 371
298 296
224 133
191 325
260 415
398 377
97 389
134 348
176 94
449 351
117 37
470 303
29 73
334 437
19 192
385 29
100 109
468 322
450 298
392 451
228 354
401 349
400 334
215 424
272 461
486 17
195 330
235 393
134 12
105 302
56 196
1 361
350 253
459 277
215 370
301 177
239 142
425 56
101 265
297 125
118 212
472 44
78 44
226 340
72 242
134 1
259 196
154 22
298 247
368 428
300 473
3 275
106 216
177 375
425 441
364 18
14 230
498 111
272 280
60 235
130 39
238 484
83 417
354 491
199 87
23 257
166 141
244 203
221 122
372 61
32 192
179 5
363 451
451 167
93 176
333 417
437 499
370 61
419 280
448 194
58 342
64 307
203 328
188 146
194 423
446 26
243 251
408 161
199 48
300 321
138 167
46 44
294 127
184 172
1 84
16 233
119 374
50 429
138 5
64 239
416 263
383 417
256 287
180 392
270 297
395 335
239 317
83 411
418 86
288 482
488 497
255 278
117 244
71 291
320 44
49 429
79 87
449 170
429 99
352 255
458 156
270 166
417 153
319 418
414 47
34 430
374 285
156 476
229 49
464 5
36 206
481 322
487 105
142 418
493 122
235 439
322 75
208 91
467 413
163 462
221 319
116 60
146 111
353 56
395 88
458 11
91 205
342 104
212 229
352 119
193 249
282 210
187 203
382 214
200 289
165 16
42 417
116 248
306 94
117 323
325 362
172 78
303 211
252 36
90 74
355 62
287 323
86 414
143 394
357 468
443 424
17 132
346 57
9 195
373 302
364 162
490 78
114 303
6 344
473 461
224 458
323 364
54 142
382 472
46 205
86 115
38 417
50 439
370 160
161 432
381 261
146 34
131 143
186 112
52 179
405 297
480 404
316 469
283 454
44 387
19 395
416 242
344 319
236 146
112 349
325 317
378 447
159 480
251 168
177 256
305 243
93 41
493 136
283 149
283 464
86 237
448 428
82 267
234 134
189 40
339 449
150 36
430 289
121 469
269 318
148 17
218 269
162 81
67 6
376 328
166 179
487 470
212 436
97 319
162 484
84 491
170 106
118 170
362 143
277 63
34 206
477 435
105 133
151 371
400 467
402 155
80 450
53 390
321 322
338 285
49 421
144 207
314 368
38 427
144 331
19 170
434 157
204 382
219 367
391 341
404 291
213 8
264 363
332 260
318 325
384 372
82 33
400 493
301 349
344 35
415 216
322 239
260 200
165 278
77 26
92 62
179 402
297 310
273 356
2 177
154 463
344 435
226 107
136 481
36 178
358 185
298 326
443 343
87 182
187 256
172 168
369 193
187 308
396 260
91 157
62 433
116 262
245 288
171 271
122 160
386 109
226 291
266 331
430 193
144 73
173 266
401 210
30 426
137 145
422 261
77 482
232 13
42 184
277 71
347 183
9 291
128 438
182 265
308 337
408 72
150 352
259 298
446 291
373 439
49 302
17 35
485 393
334 459
169 254
192 36
80 326
382 293
176 364
495 155
369 334
285 137
3 283
131 303
45 72
390 500
449 120
244 137
374 31
358 22
239 272
427 29
289 268
451 98
144 67
294 351
34 462
386 320
157 216
114 70
383 271
253 224
244 88
9 156
414 8
492 363
144 279
216 302
341 126
434 176
246 17
404 461
424 16
403 180
12 355
65 185
424 122
385 473
478 200
455 291
133 361
257 50
306 134
109 324
458 360
73 425
408 60
412 346
77 8
424 73
122 159
231 31
146 312
347 186
460 155
114 68
77 76
311 228
413 395
51 390
378 385
252 323
323 245
296 198
47 402
180 435
308 288
250 317
44 482
343 378
265 352
409 343
309 97
456 121
420 328
374 124
351 68
493 426
448 323
425 35
403 116
42 279
158 110
152 81
129 227
214 144
234 395
155 298
404 317
131 31
44 399
304 479
148 229
460 368
6 251
58 204
229 23
20 194
23 192
356 190
427 92
446 159
473 91
57 443
455 85
420 338
272 278
454 234
51 142
458 361
487 187
346 380
126 445
268 351
20 306
172 339
479 78
164 172
353 450
209 119
70 201
43 500
354 339
330 500
359 34
430 196
144 491
329 66
208 162
77 496
34 426
302 49
342 139
131 13
12 185
98 491
372 419
365 53
306 158
329 212
389 84
463 239
499 229
437 92
109 402
380 454
213 231
336 172
89 181
255 89
352 211
101 55
1 446
388 112
410 13
237 134
470 426
283 439
336 168
494 119
474 351
253 130
472 101
256 386
309 63
82 387
43 149
484 135
112 444
213 388
232 361
449 145
257 319
207 279
212 134
467 144
408 4
492 122
435 199
107 98
298 469
18 321
406 382
375 24
256 94
29 469
381 312
188 281
392 482
430 236
193 452
266 372
201 137
218 78
137 445
101 52
232 476
477 251
414 276
477 254
311 137
437 143
143 238
65 326
336 108
86 417
432 216
65 78
129 166
362 463
16 288
427 143
352 130
386 170
449 124
119 153
488 425
368 214
472 225
378 458
25 400
313 400
73 258
326 307
115 219
236 44
268 228
476 8
339 62
19 195
494 462
168 346
294 148
318 377
447 367
111 303
16 361
71 355
77 489
371 57
195 379
227 146
244 400
305 54
409 304
176 332
479 167
54 271
29 134
114 251
469 113
492 52
135 290
281 181
400 128
108 450
486 227
122 338
451 185
458 393
39 361
22 195
351 168
167 147
43 301
89 103
499 19
11 104
186 400
13 235
143 187
45 374
306 120
483 337
126 403
299 198
172 196
160 292
193 255
47 164
317 134
222 495
361 80
117 243
440 1
468 47
346 172
286 133
370 41
481 253
62 300
222 418
89 96
359 439
177 34
494 41
322 346
6 76
230 392
146 82
187 354
484 222
314 292
331 358
407 429
428 275
319 321
8 330
85 299
30 32
241 316
202 323
45 101
74 74
49 254
326 61
229 174
41 446
118 459
67 10
160 173
278 169
221 118
331 38
471 496
223 46
89 115
254 385
488 15
198 294
26 168
276 449
385 128
261 481
95 288
273 376
392 119
123 280
359 45
255 474
74 333
129 32
190 148
126 429
170 160
292 121
133 340
7 343
490 339
404 169
347 98
120 74
376 63
198 32
89 158
235 400
237 406
79 119
278 335
181 486
125 59
410 16
110 177
417 167
393 381
373 427
242 412
166 47
407 255
377 425
33 216
116 405
317 267
45 17
356 299
175 413
401 189
248 20
461 292
297 175
462 281
209 254
412 452
364 69
289 398
176 39
78 184
134 405
188 419
142 11
188 367
255 398
64 479
140 252
457 498
329 448
76 19
98 225
258 148
53 240
347 149
250 30
376 227
417 147
240 321
121 465
308 67
457 455
195 312
64 406
132 314
84 395
135 30
361 493
444 130
468 488
419 118
396 135
347 214
480 202
376 381
378 323
11 133
208 427
390 25
135 259
289 460
26 254
49 200
464 290
400 232
229 71
359 366
51 167
175 218
232 474
19 464
448 105
362 500
326 486
261 406
112 162
494 360
6 89
248 369
12 425
322 491
351 73
36 409
293 18
309 15
471 191
103 387
4 410
189 306
21 130
435 198
392 46
80 141
270 296
175 331
250 286
171 149
237 409
337 218
340 157
466 82
386 411
82 418
365 413
86 394
391 186
56 97
14 421
145 134
451 95
290 331
66 340
175 148
182 319
161 212
51 132
125 102
58 20
421 280
485 372
414 309
426 311
282 250
158 373
54 371
74 37
68 68
485 130
327 135
371 373
427 269
426 71
34 460
456 233
105 150
464 118
298 299
6 487
289 260
143 67
435 90
56 499
1 196
175 279
385 460
379 468
65 215
105 176
205 244
441 90
132 157
37 63
129 316
404 26
265 182
430 248
184 230
202 188
94 321
446 486
373 175
175 330
24 332
369 231
416 244
265 463
15 382
85 196
65 13
280 69
417 23
120 235
462 433
209 138
369 499
244 31
80 37
113 13
268 356
139 95
211 455
71 49
126 85
27 248
187 82
466 244
455 429
195 45
165 211
365 244
161 269
63 4
443 399
275 472
479 207
399 75
390 376
489 82
320 375
204 82
67 362
148 260
318 308
75 116
47 99
135 21
426 136
302 198
40 323
89 85
54 3
147 298
187 487
467 290
49 279
255 33
218 437
231 427
60 397
226 319
247 247
410 144
402 108
219 448
74 1
314 322
18 345
155 497
9 133
282 305
475 47
441 97
358 420
372 344
459 219
287 294
124 385
197 178
114 16
403 55
138 92
395 405
120 485
385 380
27 282
388 331
342 186
104 13
3 499
2 114
397 473
354 486
220 26
145 222
297 96
67 483
185 146
59 195
136 100
86 17
243 197
118 230
360 56
4 411
112 454
202 70
82 85
65 100
491 317
129 214
469 210
126 240
221 313
146 427
190 10
182 136
21 413
487 77
427 95
457 472
271 154
495 276
443 385
50 367
370 81
298 331
221 209
150 232
152 1
59 17
158 210
312 442
363 45
278 154
329 68
294 328
204 44
164 499
303 34
431 222
66 456
35 272
230 318
23 195
466 85
307 22
131 97
415 285
38 441
243 67
361 66
279 151
262 211
375 17
449 50
388 223
114 171
284 407
468 310
23 458
303 453
296 100
309 214
460 404
80 125
237 14
20 224
4 75
106 86
261 152
204 192
96 142
389 265
232 447
485 475
479 433
269 147
172 422
33 360
425 251
482 95
270 158
148 295
26 499
278 499
456 82
415 440
52 117
100 227
32 57
417 32
359 339
328 394
375 295
4 54
374 253
90 442
192 75
139 224
135 180
127 33
343 277
294 291
391 364
226 252
229 227
413 152
272 474
213 128
234 357
439 269
16 414
14 462
241 172
401 410
259 456
266 469
198 39
64 195
391 178
9 235
257 278
141 461
468 214
420 482
470 70
73 431
197 317
128 152
49 182
359 204
469 242
76 295
187 496
466 54
469 431
458 276
444 356
283 36
338 13
212 296
194 228
152 419
405 125
74 214
137 167
454 412
475 32
200 200
365 103
258 222
183 72
347 179
4 438
37 410
412 405
116 109
407 449
443 64
269 76
259 53
416 15
140 291
128 397
50 76
180 145
211 10
232 131
215 449
46 327
361 498
425 167
2 184
223 154
57 488
355 276
188 446
389 53
420 485
303 20
469 235
112 179
456 213
368 296
67 155
251 443
498 483
200 416
261 207
290 424
180 256
302 193
148 5
187 361
483 26
400 331
460 312
266 444
335 5
377 131
184 430
275 125
265 7
358 124
455 69
188 354
301 318
378 67
39 333
92 324
49 10
273 146
491 472
489 267
78 70
489 297
177 373
286 269
210 294
357 367
43 231
273 335
323 369
352 333
461 39
158 264
223 263
415 333
122 386
180 342
339 16
5 67
266 339
391 334
213 198
398 9
265 328
102 265
436 334
487 3
238 308
161 498
289 298
9 259
310 148
231 237
64 483
461 264
87 335
431 386
270 205
377 453
137 41
140 130
168 202
24 496
368 326
183 295
18 120
421 183
184 211
117 470
351 166
267 338
216 413
266 306
354 68
2 260
202 289
345 303
67 64
354 446
113 63
280 404
30 448
197 22
332 282
337 80
498 429
460 3
400 82
326 245
219 311
113 350
321 273
353 473
266 474
204 354
433 226
442 177
461 318
339 80
458 240
242 163
464 67
400 262
467 96
376 92
365 254
293 313
336 281
361 268
189 495
129 35
259 425
168 194
179 304
136 440
102 207
435 432
214 343
402 25
99 260
246 274
293 492
182 346
113 397
464 234
68 223
268 414
457 140
135 340
454 287
419 399
282 66
448 250
290 222
355 147
18 468
265 175
72 162
317 10
391 322
203 115
239 466
183 492
489 74
287 406
33 157
148 198
402 231
167 86
409 176
474 106
415 276
385 63
17 443
292 148
270 382
220 106
240 235
471 97
489 447
85 140
303 380
52 279
256 444
491 363
431 251
241 84
368 72
73 161
86 87
467 303
240 232
174 355
251 117
497 263
482 311
3 241
289 499
123 289
31 272
338 455
355 74
403 467
348 67
312 146
376 430
467 225
182 357
241 466
92 276
390 228
384 43
32 361
161 137
120 79
301 115
141 191
321 349
471 341
217 306
101 147
124 382
185 364
366 68
109 491
223 457
46 429
1 350
178 106
225 493
66 201
33 197
346 352
111 359
223 499
226 158
454 244
210 432
276 376
454 4
486 440
245 479
125 10
464 34
431 348
251 410
85 73
417 172
145 463
204 434
16 321
401 475
152 148
163 117
499 134
91 273
400 244
54 317
59 152
428 158
368 56
231 167
203 124
334 340
486 101
222 344
121 322
488 327
111 175
34 149
444 253
162 405
71 228
24 399
65 200
122 442
267 52
326 133
26 62
91 496
336 289
352 129
464 16
276 241
386 238
344 234
122 486
452 202
281 487
493 7
417 428
116 304
498 350
123 173
83 422
199 234
40 122
435 393
360 84
341 113
419 138
311 341
257 285
228 486
194 155
185 97
376 184
494 116
72 41
475 357
294 73
184 101
81 273
77 443
13 39
276 290
292 255
420 138
465 431
275 29
113 445
88 328
90 142
357 202
142 293
498 456
469 209
87 96
83 493
149 289
18 219
190 73
226 48
422 500
250 31
392 59
484 146
457 61
101 304
320 340
500 354
308 352
465 174
313 111
288 143
361 292
204 217
85 52
334 2
10 23
394 255
392 127
312 359
340 4
15 259
79 49
360 499
404 352
392 241
175 35
399 422
419 252
460 427
371 382
436 425
30 171
111 251
63 335
439 492
129 399
89 145
453 281
263 2
237 390
455 155
216 250
149 245
460 422
112 365
230 230
277 249
489 68
391 132
365 292
389 430
179 476
205 133
337 32
465 38
181 471
260 230
124 320
472 434
140 455
330 144
447 368
170 162
454 135
94 437
305 103
479 346
95 53
41 313
86 362
412 394
500 431
425 232
227 386
69 16
9 330
300 331
445 143
193 52
383 122
30 449
292 118
370 272
290 229
195 408
316 60
346 432
87 379
491 169
404 217
5 354
225 444
293 483
191 10
126 105
299 243
330 87
176 327
389 105
163 377
301 387
154 229
265 468
396 344
28 466
209 472
459 164
321 458
195 393
274 333
423 491
102 87
134 355
245 254
426 352
385 206
180 93
169 298
191 355
18 251
85 153
481 413
90 224
323 297
500 456
317 18
404 12
433 45
12 169
379 388
148 141
197 119
251 397
369 367
452 244
137 178
54 185
482 380
10 325
477 341
195 333
462 265
91 230
232 419
174 21
222 417
110 428
354 471
72 250
29 239
262 108
449 158
466 94
239 413
220 88
50 422
410 263
115 481
395 35
455 469
472 483
186 234
259 498
130 71
341 181
187 419
229 252
169 174
491 490
47 257
112 462
320 325
412 65
449 272
119 145
73 405
397 204
447 435
434 462
312 181
398 295
150 117
351 308
25 165
443 62
465 359
469 222
83 289
112 133
402 449
455 106
73 392
81 413
446 319
361 263
203 15
223 279
488 245
15 236
263 20
273 77
317 369
465 473
150 5
61 441
178 26
487 292
457 46
299 414
392 388
160 167
122 243
437 394
38 419
2 324
142 85
75 380
194 142
164 148
349 118
449 42
246 220
189 405
244 438
463 93
258 347
341 273
404 485
301 481
402 456
481 189
439 155
84 393
452 233
20 9
20 226
108 65
341 450
427 476
468 92
129 410
282 105
303 4
399 315
217 460
447 379
11 274
445 481
173 118
212 404
379 143
24 379
10 218
464 340
456 363
177 485
490 406
470 272
336 114
473 261
227 328
308 412
43 353
468 266
359 134
363 116
476 469
232 81
269 288
381 217
421 253
438 45
382 199
91 164
123 185
7 303
16 160
383 483
419 27
330 167
296 98
57 36
439 230
35 291
137 139
124 109
360 160
330 157
282 486
181 299
235 125
399 376
406 110
337 223
372 223
370 292
282 245
212 33
284 2
338 417
10 213
490 249
200 428
450 156
307 42
41 396
135 172
61 365
363 408
100 466
23 199
443 206
253 390
13 180
420 184
60 324
421 32
43 73
259 228
410 332
214 218
239 380
175 391
421 112
491 365
368 249
386 40
416 423
288 424
409 253
145 8
138 327
46 194
110 219
246 58
338 426
400 446
107 379
100 176
424 409
36 369
103 314
365 160
178 412
105 317
117 229
147 29
25 198
201 375
288 31
260 246
376 135
405 235
243 222
43 250
29 2
385 386
31 102
254 299
127 96
62 117
7 135
186 157
344 331
435 52
290 448
184 106
408 171
12 442
31 161
211 90
63 459
147 261
239 28
181 349
160 450
155 322
195 40
105 382
70 395
177 30
217 146
436 441
229 420
42 276
479 288
462 327
240 211
207 141
395 243
272 499
38 20
245 412
72 285
282 1
118 479
405 418
313 153
322 196
329 225
229 164
192 337
287 318
224 342
236 294
190 170
348 329
478 109
164 352
390 241
230 96
367 71
276 369
239 108
48 378
308 408
234 248
368 343
209 121
462 130
24 476
479 364
372 72
401 79
455 136
290 105
479 204
336 239
214 241
47 480
335 448
409 367
483 375
94 167
265 248
45 433
126 147
11 206
324 416
429 461
306 406
74 311
184 128
405 95
181 63
419 321
14 82
168 92
349 1
9 165
202 184
364 469
423 406
198 3
85 490
159 228
361 496
77 360
213 464
303 194
473 483
54 363
145 107
247 153
1 362
9 288
305 397
322 306
246 3
5 425
392 44
486 40
268 59
65 245
362 46
129 6
149 192
8 395
468 76
443 12
310 99
351 491
365 163
355 228
398 362
271 229
275 200
17 205
234 107
130 314
214 256
366 200
323 470
65 191
286 201
245 328
425 385
135 96
34 150
79 7
189 179
37 417
357 211
122 231
353 476
380 369
491 51
266 150
1 425
23 478
43 274
407 462
388 224
476 382
103 107
377 116
321 475
360 441
405 406
440 332
111 336
439 162
55 468
345 432
79 494
199 434
326 161
450 479
129 447
5 78
8 357
400 234
385 102
314 207
324 191
373 425
385 181
445 401
412 122
384 325
343 442
422 194
361 309
159 146
471 214
371 369
321 305
62 241
362 239
487 76
160 52
90 128
54 247
203 203
432 312
471 362
39 343
15 244
86 434
125 11
236 392
256 432
42 223
126 391
483 359
102 54
25 264
439 448
437 313
215 485
300 79
30 175
412 420
294 66
48 18
196 154
277 236
170 298
287 465
440 396
421 322
475 337
377 358
425 1
280 165
373 314
69 13
481 130
419 418
348 458
127 273
177 287
189 445
57 41
9 459
458 414
438 184
250 121
113 139
340 301
243 118
82 209
171 304
452 282
464 178
171 282
452 382
182 14
55 376
184 398
224 439
184 118
34 205
464 39
13 485
166 260
31 401
449 459
340 103
421 411
73 64
296 326
296 239
481 394
439 98
56 178
174 289
326 249
78 465
425 193
164 15
160 402
85 248
46 263
120 260
250 156
244 30
379 392
376 485
327 486
128 79
133 400
132 113
46 153
272 354
260 438
405 185
15 127
393 319
14 321
31 337
379 322
187 69
66 170
247 78
475 146
181 269
188 366
317 385
42 364
146 405
497 316
236 115
494 268
83 354
261 39
485 224
264 167
254 254
269 53
356 300
199 184
294 196
262 81
334 409
27 366
373 229
428 71
50 252
378 111
424 170
457 24
284 138
376 403
437 233
162 136
40 265
286 360
309 468
160 256
182 318
231 95
264 14
113 151
131 374
462 393
327 163
42 86
122 126
201 193
368 234
189 218
29 414
39 389
206 269
452 302
249 71
398 443
272 27
378 205
151 85
58 306
341 306
220 239
81 61
244 154
320 64
57 302
440 14
277 441
104 361
476 335
314 458
289 254
490 113
312 88
174 317
491 495
158 152
459 200
137 146
21 358
207 105
240 92
283 163
336 135
266 86
333 174
45 93
179 325
153 194
271 357
156 332
105 57
109 330
495 390
153 412
66 327
83 321
475 498
458 285
64 47
93 363
392 339
5 422
361 406
135 273
378 270
441 219
258 44
166 48
328 430
387 216
430 38
144 250
269 129
256 134
328 203
128 189
285 55
142 218
141 199
452 427
19 292
266 394
323 459
444 94
225 149
482 246
176 422
224 12
390 302
358 291
9 85
55 139
412 252
299 80
343 362
258 315
348 88
256 104
189 260
194 330
217 74
478 16
387 361
300 303
374 33
335 165
5 126
196 367
437 58
208 437
305 4
351 171
282 28
430 421
261 356
311 201
102 439
300 370
157 191
488 398
24 43
151 493
229 213
17 104
291 309
492 48
381 188
169 310
7 184
195 246
461 112
331 225
443 179
267 477
100 201
47 148
406 258
159 342
107 186
170 42
163 496
440 429
287 124
473 332
350 310
224 344
428 3
69 434
87 338
342 134
374 485
352 302
102 104
86 338
258 422
35 497
126 195
369 196
426 81
393 450
84 170
1 321
418 211
74 44
359 280
26 184
8 418
461 7
115 2
123 415
311 357
113 117
175 387
68 412
444 230
251 219
476 212
261 267
258 104
317 55
75 457
312 2
129 34
97 406
222 86
195 117
307 9
398 50
495 140
454 450
341 198
291 26
496 150
486 357
46 14
426 215
113 354
375 188
55 498
390 236
340 233
292 95
415 500
147 145
163 353
459 141
256 187
28 457
7 26
175 219
19 354
290 476
245 283
403 297
249 53
233 436
274 150
420 457
442 31
384 454
31 264
471 482
238 305
258 211
342 438
57 113
67 492
134 382
103 337
310 21
290 148
222 370
102 259
338 379
296 387
133 55
408 441
465 62
393 402
18 46
177 358
179 120
330 120
196 269
481 301
484 219
271 258
376 15
191 401
250 445
366 144
245 201
128 5
19 427
445 127
247 34
40 235
315 421
278 293
419 7
144 370
9 197
400 2
294 189
233 32
254 247
493 232
361 342
334 189
474 301
91 343
446 468
428 160
310 25
25 419
323 286
323 335
476 122
427 199
333 285
499 6
206 190
492 73
370 88
171 286
381 422
126 366
336 358
237 302
152 268
281 325
181 181
148 88
260 464
357 417
3 251
337 292
424 382
164 441
219 375
215 190
285 186
446 453
293 285
228 18
417 303
472 499
22 267
474 114
401 204
187 166
395 99
387 375
457 5
418 446
7 302
479 22
142 371
157 403
38 209
151 180
397 167
291 335
54 274
441 344
30 225
302 75
30 231
6 80
311 41
498 197
100 495
440 143
385 472
433 164
22 367
133 9
371 9
74 254
410 134
309 216
20 324
156 6
418 36
163 459
417 132
99 469
481 27
54 498
267 365
484 265
123 356
265 383
225 158
98 469
326 460
329 479
302 146
33 295
463 173
410 319
324 79
355 102
290 235
252 260
459 244
333 205
1 130
305 200
228 4
355 225
213 120
40 328
145 423
347 225
119 169
136 195
455 160
461 442
191 79
132 221
266 255
471 375
468 134
473 174
472 464
313 100
64 455
413 461
349 450
16 479
53 342
473 245
225 285
195 174
420 435
471 364
209 262
110 480
64 182
106 73
479 27
283 465
375 128
113 87
140 14
180 426
368 3
470 448
134 196
457 160
379 136
178 192
226 155
263 36
326 172
99 342
37 455
113 398
31 110
351 203
154 330
318 260
106 142
278 476
292 192
477 330
396 318
472 177
25 438
39 340
493 10
358 379
75 82
417 183
308 202
352 258
171 376
203 80
64 454
447 148
253 321
192 444
84 246
453 194
315 388
196 428
310 37
164 325
75 307
370 30
356 155
100 476
249 375
486 463
11 461
491 20
48 470
378 308
264 278
498 84
232 382
456 489
394 120
13 177
231 460
275 53
121 249
9 128
325 60
170 268
315 28
453 339
388 318
456 29
275 104
288 348
196 227
185 82
66 386
475 209
297 33
468 53
418 348
93 178
439 436
363 297
190 140
6 215
67 109
318 55
398 11
94 304
381 30
185 425
296 46
41 71
449 123
288 144
34 215
191 232
397 212
62 184
367 233
461 338
146 291
247 164
428 236
323 346
223 102
149 64
73 264
343 490
129 29
463 265
275 64
283 475
268 302
156 388
88 199
448 15
416 459
177 471
28 449
427 457
161 374
398 158
154 273
44 252
111 186
457 65
391 319
423 198
116 382
31 468
63 133
389 374
470 360
398 165
463 311
194 56
290 298
389 302
168 499
241 3
416 337
76 157
367 83
33 229
225 78
473 243
349 204
121 168
152 2
266 123
64 84
115 142
283 207
101 41
240 177
255 141
3 455
439 357
63 116
46 427
207 38
473 299
427 486
457 433
78 448
104 32
233 400
178 489
426 362
486 29
264 397
442 354
82 447
124 265
114 141
414 63
370 466
45 217
183 442
134 83
125 201
25 178
234 86
29 284
283 194
10 475
36 294
313 459
418 88
477 239
36 16
346 154
272 240
278 365
179 218
282 425
101 169
205 41
437 85
255 305
15 428
452 155
261 428
330 89
140 86
467 384
45 299
172 344
111 247
405 352
147 410
270 217
129 384
134 105
483 370
233 63
79 477
310 390
171 238
141 390
210 470
8 253
249 378
460 102
386 37
425 445
449 140
23 72
384 166
134 146
32 340
269 46
410 493
193 62
349 169
324 277
112 433
20 268
288 320
44 385
135 375
21 225
216 91
192 152
413 162
213 236
162 84
419 261
496 358
271 194
201 315
445 248
184 337
241 439
374 466
303 269
224 198
315 434
167 450
149 187
70 482
169 255
50 287
126 454
202 205
366 380
82 295
297 325
18 206
315 311
77 90
143 372
273 301
298 491
330 404
115 313
95 261
59 43
413 207
254 157
54 86
452 320
21 151
376 157
299 109
158 260
398 317
311 78
251 398
454 71
305 286
369 481
56 204
70 11
434 107
468 378
21 165
185 6
439 91
103 444
201 115
475 352
320 476
20 30
280 302
328 8
340 39
163 456
352 293
482 441
59 243
248 287
78 22
381 60
10 182
396 436
394 157
91 476
446 355
331 69
292 268
278 59
148 245
139 324
152 316
250 318
291 209
93 348
145 449
59 93
379 185
36 141
199 120
166 51
234 212
326 212
19 4
175 6
60 254
349 54
176 235
117 44
56 349
90 423
262 459
307 460
100 59
270 438
96 193
263 15
493 242
38 486
6 497
177 495
266 128
235 441
163 464
464 94
47 213
217 203
480 15
358 96
496 467
236 40
79 15
85 384
298 347
390 245
316 190
87 250
218 130
133 110
364 371
314 25
220 54
343 206
369 37
80 14
153 274
464 483
159 180
474 254
489 130
198 172
24 477
343 73
136 227
265 12
48 275
332 470
299 325
227 279
13 395
485 305
422 48
373 134
362 236
415 297
173 398
164 279
223 206
29 343
4 89
246 429
498 452
322 143
274 186
19 98
13 414
226 138
422 61
273 188
229 183
33 265
220 161
386 403
21 177
367 19
75 90
83 469
15 126
228 332
397 498
260 164
484 370
95 260
36 288
365 167
318 474
93 486
269 132
348 213
42 146
219 137
363 306
172 69
412 478
136 406
191 326
381 310
58 496
25 496
413 406
240 422
201 15
500 369
222 227
427 203
426 318
89 312
151 16
298 492
22 142
272 312
204 194
383 474
89 251
467 297
381 131
467 166
301 398
248 65
391 197
326 355
121 235
486 202
140 333
189 202
195 301
442 305
120 441
4 4
380 44
159 302
184 138
281 469
398 347
413 369
100 178
181 51
277 198
338 296
274 94
198 457
448 488
122 317
96 435
340 270
80 500
475 229
21 464
494 131
374 427
451 489
316 451
133 278
162 123
423 156
260 192
465 294
61 157
442 327
328 461
75 198
182 169
145 392
434 279
121 358
410 50
241 96
234 494
91 209
238 422
48 415
1 175
127 288
169 444
97 250
53 314
411 77
178 417
300 425
249 345
108 163
240 208
175 2
45 475
381 210
414 494
141 410
110 327
461 239
497 300
367 380
13 391
281 227
233 368
192 204
465 298
174 11
95 330
125 393
133 15
113 189
273 55
467 134
132 276
285 126
167 90
217 293
13 295
31 103
210 183
344 475
431 194
224 293
10 127
115 448
367 184
277 314
153 344
217 285
195 353
291 277
57 328
439 321
321 257
269 151
385 394
413 418
381 331
393 429
26 246
422 45
496 109
361 125
135 349
272 174
98 256
285 64
236 125
219 483
314 417
160 497
389 448
466 370
415 371
380 25
420 466
219 292
321 6
335 335
208 219
307 396
178 97
57 247
361 486
490 407
433 79
34 34
62 280
317 92
481 318
102 183
443 498
37 422
188 106
6 181
264 250
163 316
410 42
456 396
437 243
235 187
334 288
273 418
26 298
260 96
8 500
122 371
299 179
226 231
421 57
302 41
352 239
173 183
161 116
98 319
284 370
330 44
123 468
198 445
449 277
308 318
287 215
171 82
256 51
362 136
53 258
10 184
42 67
147 91
231 194
3 186
444 97
76 415
45 38
186 274
415 17
160 62
81 445
48 34
312 166
118 233
183 71
75 142
194 73
216 41
255 441
463 210
136 288
484 379
187 198
360 50
428 284
486 91
325 169
177 250
329 180
165 457
17 243
455 77
395 274
236 494
214 58
296 170
359 390
154 65
140 5
357 66
82 34
138 307
14 41
408 28
259 362
347 317
452 185
2 479
87 430
291 119
402 491
452 5
410 128
60 115
331 489
3 14
6 165
403 424
274 395
44 235
480 329
149 491
101 485
86 96
166 282
310 278
445 306
150 61
90 177
243 264
199 189
210 296
494 78
386 261
72 84
204 135
426 195
41 38
204 197
110 363
387 439
234 267
357 448
73 315
49 276
127 266
148 238
109 283
24 407
497 72
364 32
362 233
208 250
280 312
329 245
427 345
178 239
170 395
332 454
235 352
155 441
289 13
125 411
30 470
412 457
481 376
224 30
453 235
263 243
307 257
281 436
482 476
362 50
332 66
41 85
294 139
447 474
347 188
69 114
465 37
448 92
15 459
390 354
305 345
30 340
237 62
307 358
259 397
198 198
84 226
284 256
368 293
461 197
295 249
400 403
297 329
60 233
328 326
351 358
423 230
260 190
483 194
28 161
484 199
205 383
82 80
150 434
292 278
330 309
215 479
460 284
8 24
346 212
44 225
486 27
481 492
272 458
174 389
362 223
149 37
49 227
84 480
216 16
500 423
195 13
120 468
112 297
97 249
44 440
56 108
67 173
169 184
28 388
206 87
114 250
260 14
39 431
113 477
446 229
438 9
336 93
288 5
107 315
78 88
32 408
19 128
255 435
193 315
129 301
239 430
481 276
338 191
124 273
459 328
199 126
71 269
175 408
262 85
87 34
482 75
330 182
356 143
103 282
274 346
316 96
200 265
51 164
422 79
393 110
179 492
221 89
378 393
274 397
351 406
85 482
353 199
97 409
256 214
53 8
149 191
471 252
281 140
301 105
64 143
77 375
92 130
152 329
353 20
336 76
131 367
24 13
253 401
134 311
172 105
440 239
71 218
119 323
438 308
101 116
335 301
47 83
284 109
20 383
7 245
204 42
442 73
259 76
382 191
324 282
488 426
307 246
422 444
397 223
210 45
318 425
313 324
110 496
245 117
366 114
362 466
389 331
373 384
463 72
423 429
196 416
311 350
142 50
185 328
145 44
278 67
113 337
27 268
185 64
137 227
471 128
435 100
345 150
84 73
473 190
478 483
39 380
415 120
375 356
353 263
437 133
346 185
337 317
483 160
394 287
396 235
380 239
188 272
447 243
335 46
412 184
411 389
370 250
196 172
322 344
11 118
293 53
345 229
121 95
113 327
385 343
114 491
165 355
27 391
97 26
5 296
421 260
226 262
469 306
441 271
386 341
499 73
96 360
491 172
74 113
274 174
415 335
498 442
466 119
360 148
154 79
65 293
386 30
328 9
192 350
344 454
106 164
313 64
473 231
140 181
248 292
235 491
289 488
485 345
58 253
281 256
215 255
432 107
423 309
324 493
393 62
432 499
98 158
382 316
491 401
30 334
243 89
227 171
356 227
148 90
489 355
101 495
187 427
187 418
86 69
181 344
59 455
446 285
33 153
463 482
454 62
81 499
76 348
281 211
44 496
68 468
479 396
288 440
494 82
467 415
371 23
497 60
335 114
240 416
136 237
386 136
391 60
138 243
383 440
60 406
280 83
149 22
470 354
483 96
465 366
4 204
87 254
270 47
374 257
256 352
416 18
35 158
83 224
407 230
333 490
313 132
61 123
110 216
193 153
35 45
474 278
429 20
160 112
70 220
55 371
159 221
329 419
38 153
212 108
107 77
430 343
149 454
63 342
397 172
429 448
163 19
263 423
28 403
107 71
25 147
6 478
485 233
325 369
31 150
270 353
403 231
444 72
72 116
9 20
348 244
438 493
416 304
149 385
233 174
193 477
244 409
303 332
223 38
101 222
189 268
435 437
24 429
123 355
341 200
324 154
404 156
472 308
492 269
439 176
236 456
209 126
355 456
362 31
53 77
465 486
431 133
483 102
362 118
341 157
121 140
163 173
204 274
285 199
46 219
358 306
96 383
131 68
444 321
223 34
459 127
487 466
136 210
275 359
113 55
183 496
51 393
124 71
337 407
276 132
312 352
264 370
481 261
127 5
390 94
425 308
154 489
311 11
491 44
468 19
431 150
440 60
477 401
339 421
141 384
309 239
69 251
363 295
208 34
26 396
230 196
242 480
277 196
233 334
367 80
282 68
39 379
131 236
54 295
447 238
244 483
71 404
328 411
482 393
274 80
204 303
41 117
89 122
274 5
191 428
277 469
176 462
353 273
481 474
327 460
161 480
341 290
147 322
236 391
343 167
114 395
289 341
400 66
330 140
476 199
494 497
236 289
39 163
109 248
364 277
410 182
247 474
78 490
102 425
128 309
215 431
411 61
162 492
489 120
363 462
226 378
465 198
400 198
23 338
433 50
170 102
56 325
237 250
492 98
17 94
482 362
134 202
236 487
221 188
134 433
353 218
255 470
442 138
65 431
46 355
343 253
304 360
159 333
429 39
10 458
488 166
413 323
401 203
51 410
378 317
297 235
231 243
185 233
279 383
170 302
294 288
246 257
185 414
254 226
385 278
450 239
127 430
179 46
85 356
211 397
62 219
86 336
191 74
30 252
345 446
291 203
215 412
442 293
251 80
16 102
434 105
21 442
61 128
178 461
458 340
216 186
244 125
197 451
195 440
27 297
146 104
25 205
118 418
453 128
261 138
171 362
321 394
435 456
449 77
294 331
428 462
301 465
159 67
474 318
473 38
226 358
96 51
205 349
355 18
258 282
446 90
456 94
342 249
406 63
171 482
283 17
144 312
291 256
358 206
16 322
50 115
357 4
139 173
3 229
124 307
149 216
169 291
414 50
463 492
149 50
164 340
111 82
23 269
177 210
8 164
81 311
1 70
354 64
416 172
430 433
284 327
126 61
167 151
436 181
455 434
355 471
389 395
174 467
371 38
466 434
417 143
194 340
294 128
163 318
208 332
264 253
88 448
201 397
318 161
180 140
481 215
228 335
133 313
385 155
180 485
34 419
143 164
284 343
249 1
435 12
48 182
178 369
406 261
142 387
67 286
92 303
490 103
78 458
415 468
153 480
356 377
449 350
485 241
221 97
91 301
161 151
93 418
86 116
286 140
299 475
287 180
231 494
379 189
167 344
210 479
152 206
49 73
392 371
39 235
241 99
183 359
88 266
473 361
237 44
402 477
90 150
292 85
233 412
146 460
237 181
478 99
251 351
326 492
233 494
394 11
374 389
36 268
60 452
28 115
443 336
330 165
454 213
302 467
321 8
60 237
450 103
441 283
210 261
272 6
484 310
400 137
40 332
176 75
60 382
364 487
411 2
164 54
474 43
303 498
111 65
405 294
112 322
87 189
179 111
488 438
298 488
176 385
48 123
144 281
213 306
354 487
235 381
11 443
372 100
43 50
107 190
479 356
166 128
173 179
199 405
90 66
465 276
104 229
100 284
498 338
284 55
133 327
402 141
494 86
11 419
41 200
206 319
99 104
199 390
216 317
200 473
420 499
335 347
287 167
310 154
180 35
107 424
287 277
254 191
78 226
195 218
95 171
438 54
5 372
5 476
492 285
237 60
283 121
91 449
169 88
446 232
442 397
158 111
444 419
167 380
201 112
251 480
313 143
89 313
101 197
130 440
128 135
384 139
180 451
270 210
73 69
173 296
236 381
113 485
223 43
442 25
115 59
137 263
286 315
266 60
216 446
454 200
316 175
431 70
462 11
480 110
200 464
380 312
316 146
158 278
223 409
226 102
378 411
253 92
179 255
319 101
30 76
205 478
58 232
384 407
149 485
43 152
289 313
219 465
385 233
367 187
45 300
453 290
497 145
385 390
115 213
369 495
253 81
19 488
332 499
289 140
395 47
70 134
70 45
19 393
161 114
449 217
300 12
363 493
379 159
463 494
209 473
192 40
109 413
173 26
381 374
80 90
364 320
310 432
41 297
500 58
377 215
249 450
363 43
86 444
449 305
55 319
340 20
454 366
341 472
85 464
212 455
84 403
239 384
463 406
274 253
282 415
256 48
376 94
148 388
374 358
154 45
203 116
313 251
101 47
17 55
128 372
364 414
342 98
139 47
98 251
244 70
448 169
430 165
269 183
60 440
406 13
469 151
56 417
86 154
486 351
15 460
409 156
39 64
96 41
230 396
45 375
141 79
300 49
268 349
233 443
236 301
382 229
426 342
153 67
473 485
488 421
359 396
308 42
46 304
319 360
348 200
6 316
5 430
393 394
147 102
399 366
124 427
365 20
378 401
85 387
333 454
412 227
494 465
277 297
209 285
185 158
306 151
32 49
39 139
312 77
72 43
38 257
431 320
473 153
143 498
471 139
2 175
38 57
180 13
410 265
121 360
257 369
430 393
314 125
213 421
30 301
59 241
66 2
130 185
217 225
55 254
75 165
83 467
33 26
195 336
440 370
136 86
491 253
63 25
183 174
262 197
412 95
142 220
36 60
460 431
496 162
466 242
297 383
444 352
459 79
329 185
243 112
377 223
231 399
62 96
112 404
186 90
213 319
372 458
144 474
427 168
100 215
241 491
179 290
217 53
267 489
390 263
332 70
230 234
214 225
302 111
214 101
251 426
81 159
313 383
224 361
299 213
212 468
262 481
302 500
297 357
200 225
366 403
349 285
67 475
171 28
241 130
491 235
51 130
46 379
253 417
113 81
403 327
425 146
302 53
364 323
282 111
99 182
139 345
152 245
305 223
75 256
89 434
201 249
51 75
167 282
348 417
170 495
135 33
330 293
332 356
345 8
439 197
89 211
323 187
338 370
434 159
292 32
445 404
289 381
266 214
37 377
262 148
346 500
96 493
403 136
92 284
294 391
313 386
464 146
184 54
26 24
53 338
303 398
38 418
406 239
47 356
27 69
475 322
345 41
39 404
147 401
442 413
472 355
336 320
371 110
277 209
107 87
117 395
363 103
57 88
306 499
298 261
65 15
492 85
465 401
466 103
85 51
390 6
482 153
375 173
140 145
490 476
499 117
68 435
7 41
145 84
153 126
401 38
372 489
481 120
497 153
353 438
324 409
174 327
241 468
377 148
274 23
323 255
300 376
60 378
244 156
244 186
451 14
104 185
61 317
431 85
460 106
263 37
138 328
248 373
35 119
366 236
197 140
481 259
329 240
408 153
62 461
464 383
20 151
197 279
14 195
252 270
440 134
69 85
205 192
373 100
273 469
162 195
136 316
131 283
317 165
256 376
202 319
474 357
306 483
171 331
289 31
429 191
293 291
232 316
446 362
94 2
97 217
293 61
112 120
193 185
316 119
325 6
404 130
201 456
396 372
65 351
474 182
18 308
268 460
234 417
424 277
219 278
41 388
307 320
284 195
357 26
270 399
352 457
52 371
337 228
269 8
432 305
301 82
340 283
2 351
68 30
342 453
323 328
28 338
263 417
452 267
77 69
12 128
89 99
168 99
339 425
293 411
341 110
140 245
480 481
26 1
245 248
42 484
248 255
373 249
239 244
57 138
71 282
265 260
306 249
417 446
431 3
227 427
376 139
1 261
292 470
8 45
98 367
278 132
327 149
182 186
146 74
285 183
102 126
101 119
222 231
138 215
38 300
394 23
7 375
247 142
366 385
246 172
341 327
136 434
48 370
88 100
160 178
326 127
168 428
105 136
318 326
242 117
42 108
167 113
477 315
171 270
381 335
329 385
47 499
288 353
18 227
378 154
202 10
245 261
201 221
461 117
447 43
321 73
448 11
263 419
257 449
136 411
458 302
249 420
273 145
423 112
96 371
476 276
59 334
371 217
428 451
457 331
430 42
21 269
328 413
95 322
330 455
229 423
145 270
285 87
196 372
426 495
430 449
409 244
52 82
214 143
143 248
479 310
4 341
398 294
343 406
68 341
56 119
127 304
45 142
242 478
278 247
293 368
53 359
320 159
148 395
336 42
199 162
450 378
12 215
454 458
235 442
236 266
233 46
53 175
192 296
355 302
122 340
424 394
251 330
39 148
138 400
120 91
83 243
51 425
166 314
139 468
485 421
404 81
432 214
167 228
74 351
128 58
479 338
386 147
50 334
116 287
211 405
342 474
15 23
19 477
497 306
375 130
362 269
211 236
332 108
119 231
218 276
315 488
71 367
51 412
457 75
289 210
219 251
116 475
270 304
78 484
281 486
406 341
302 306
325 358
182 104
404 320
345 38
149 16
245 9
293 187
104 288
482 268
229 353
321 80
15 212
468 348
436 225
238 200
129 179
426 24
374 155
285 332
379 23
490 426
254 174
11 34
135 268
454 204
104 479
446 425
20 474
148 10
62 364
214 265
438 293
290 310
379 63
268 340
433 358
340 278
89 202
205 466
244 376
374 65
85 66
285 23
233 261
173 278
206 165
401 67
46 131
213 496
180 396
97 253
343 122
225 105
142 12
161 74
91 19
308 433
196 408
273 404
413 194
120 211
59 213
217 366
9 355
113 339
252 201
162 500
345 466
362 9
492 256
128 360
348 382
365 172
211 284
41 456
59 223
10 470
407 53
281 232
314 489
266 84
273 273
348 305
406 376
333 66
199 128
127 205
202 415
210 126
420 329
238 311
328 428
338 223
230 473
455 109
408 300
289 476
257 216
184 251
376 51
29 387
301 263
2 437
343 236
242 366
234 163
264 99
27 146
212 88
463 422
264 406
249 328
273 140
457 427
470 80
491 411
315 1
332 183
308 19
10 254
359 319
3 358
22 240
25 398
192 9
398 150
84 127
461 333
64 163
231 457
179 1
250 80
446 267
341 364
240 491
207 81
353 236
93 442
54 230
456 409
230 261
341 361
430 349
430 279
399 464
452 310
424 299
421 383
69 372
393 237
132 472
204 31
404 200
386 397
44 145
218 106
166 442
116 211
458 230
309 331
404 286
9 443
459 338
34 350
220 331
69 185
462 157
38 121
86 119
278 155
316 139
477 120
233 483
61 309
463 6
16 358
97 205
308 267
177 63
388 214
465 44
347 321
9 73
360 230
183 104
333 443
161 286
53 139
31 219
384 491
237 434
384 120
270 144
114 492
46 410
207 9
194 102
42 317
185 310
79 101
29 83
201 366
468 140
140 496
394 455
298 75
420 333
65 262
329 392
444 226
336 77
70 398
382 102
448 76
399 460
487 123
259 385
167 298
359 424
397 468
36 487
423 229
282 35
328 189
438 279
484 440
353 57
14 481
101 106
247 352
219 19
333 257
115 202
60 81
120 295
359 237
119 1
303 220
254 285
65 30
191 390
457 395
30 414
226 165
183 495
96 21
300 339
227 399
73 124
66 256
493 48
279 80
385 17
229 274
312 267
193 319
162 408
272 339
498 179
215 477
12 407
73 202
145 460
431 462
209 186
134 301
92 123
228 344
361 481
75 286
364 174
319 276
134 407
192 341
188 89
330 231
49 87
74 335
61 90
452 52
331 88
288 267
383 246
155 310
328 175
116 45
161 378
459 483
487 375
372 55
264 283
277 437
396 355
261 62
244 262
312 228
388 108
318 412
224 471
22 214
208 460
398 46
346 77
142 475
239 381
234 338
276 229
277 54
294 111
58 231
282 338
49 2
469 104
279 193
363 181
308 241
63 275
228 488
451 298
414 240
50 69
468 252
169 223
68 496
125 333
159 389
153 10
215 338
305 9
492 273
437 84
9 35
96 136
183 269
399 395
336 221
221 163
27 59
275 389
401 132
413 76
21 288
226 296
380 155
266 337
44 18
475 220
135 187
149 139
101 494
6 50
485 311
193 466
320 180
45 282
322 474
367 385
260 43
129 324
363 178
287 496
398 455
212 246
208 455
91 470
474 276
452 359
47 357
261 426
417 376
283 218
155 240
186 336
406 425
62 170
248 202
339 478
15 483
396 336
22 206
347 165
6 294
172 29
72 86
416 169
358 163
233 4
204 447
294 469
214 156
83 440
26 327
400 35
479 112
33 416
272 119
293 484
432 314
380 113
182 245
258 313
17 112
27 453
85 438
457 452
195 364
168 59
25 337
142 126
363 190
26 15
462 400
430 22
330 31
165 456
33 120
140 283
357 33
355 451
371 58
199 304
264 232
9 216
492 193
95 342
94 55
170 124
241 76
411 440
342 138
75 42
303 302
409 166
245 452
268 469
275 295
181 161
135 239
286 495
300 401
363 496
360 270
400 63
265 297
407 351
255 405
424 55
189 469
83 181
400 464
82 112
164 446
445 184
213 296
66 353
488 479
414 359
83 44
106 322
493 181
290 385
261 102
67 280
336 267
382 463
239 209
97 202
347 491
198 272
384 42
339 134
446 399
180 241
133 124
208 373
123 392
17 124
257 46
228 449
476 104
15 396
178 2
435 425
319 90
21 454
358 129
334 9
344 330
426 140
247 173
431 476
351 45
216 67
287 451
317 406
38 317
94 263
490 142
320 233
358 36
158 126
71 379
216 104
431 148
151 191
143 155
8 57
24 221
262 212
482 50
258 2
92 321
499 51
342 258
494 26
382 201
117 387
347 437
169 497
98 306
117 232
434 363
187 495
131 83
296 260
363 405
348 110
375 449
290 306
214 161
448 37
172 41
404 279
390 220
375 337
351 305
120 415
234 123
299 369
226 115
341 405
472 287
157 255
134 350
281 70
251 446
255 72
363 94
348 210
93 256
433 352
147 152
94 262
427 225
299 397
223 386
220 269
173 445
12 405
451 350
152 162
393 143
143 411
495 254
178 362
7 44
86 39
64 223
138 179
63 40
40 63
226 382
191 42
79 180
45 289
269 248
132 24
444 468
92 241
138 434
281 194
376 474
286 165
428 167
427 271
452 259
71 340
438 118
339 99
194 110
28 212
295 46
339 423
222 87
223 323
131 249
437 495
460 391
126 74
328 338
24 471
421 28
86 281
330 311
138 141
37 305
377 57
3 448
283 458
62 124
297 499
74 18
314 381
37 90
339 190
122 293
383 40
313 444
414 15
135 380
453 200
139 290
144 288
130 364
364 51
314 150
217 187
335 262
474 296
397 323
302 14
429 292
351 65
486 58
28 251
355 449
39 134
53 41
24 443
183 405
372 457
345 196
23 386
48 206
366 14
348 292
29 125
138 297
163 466
313 373
42 274
255 344
42 129
341 487
355 142
431 385
489 257
35 240
401 169
112 278
333 134
213 155
175 180
402 475
184 348
208 450
368 95
499 201
85 11
110 81
409 322
281 216
192 109
330 19
38 415
139 195
217 200
3 392
422 220
491 433
382 451
409 34
420 437
226 3
497 12
305 183
218 33
309 127
52 449
55 143
34 30
384 8
192 368
217 106
187 295
342 94
7 355
30 154
163 253
111 467
401 455
385 87
454 341
251 460
303 257
36 254
245 141
186 94
269 205
285 320
323 442
95 183
303 473
72 100
339 2
67 375
207 395
156 12
445 142
312 20
500 225
361 347
489 156
437 339
394 195
379 349
276 28
282 413
336 397
143 105
390 473
323 481
110 469
257 251
77 271
135 52
7 96
489 491
197 438
412 325
49 332
330 428
227 187
63 434
284 216
109 202
340 215
357 486
136 220
182 450
36 299
136 430
321 497
168 70
338 203
95 229
332 447
262 304
56 401
112 346
469 93
99 128
106 106
157 40
452 271
189 459
396 121
249 484
85 131
410 172
273 492
484 180
479 453
67 429
33 482
120 205
350 272
7 323
493 353
232 251
369 322
301 332
125 464
421 493
78 280
493 89
254 175
93 260
370 338
403 457
321 70
291 18
28 76
494 429
198 491
102 177
333 152
309 324
78 382
116 194
221 305
461 314
424 450
453 3
23 170
191 247
472 132
348 247
247 402
309 380
306 329
434 117
267 395
5 257
313 274
78 146
121 46
314 345
108 399
99 95
119 357
428 466
27 306
387 229
178 460
303 213
397 173
404 152
498 206
44 299
6 372
351 317
51 183
349 214
121 389
398 337
142 54
24 194
80 61
472 112
25 187
51 7
444 126
111 270
86 122
206 84
383 415
89 332
343 239
67 368
361 197
478 302
484 270
277 334
166 186
250 427
310 109
32 61
69 61
385 214
461 364
439 456
159 112
342 297
500 432
39 183
70 56
113 273
423 473
400 399
273 163
343 339
232 195
260 300
428 195
12 251
70 448
246 488
302 159
182 89
415 130
146 135
246 371
297 339
345 412
250 481
237 332
58 283
356 268
245 123
481 419
351 209
249 321
185 133
78 386
246 421
75 3
254 179
46 77
148 24
140 260
146 63
415 326
115 158
118 258
162 59
51 265
91 332
329 298
394 200
437 209
356 44
273 421
95 95
143 266
118 74
403 370
224 300
200 233
329 24
26 391
44 17
26 301
77 162
266 343
295 86
423 72
26 77
87 122
416 309
135 389
432 154
384 396
339 70
465 476
212 356
343 275
456 401
80 316
100 80
469 109
139 333
242 254
123 195
499 95
335 131
159 186
445 378
497 474
26 230
367 466
115 148
412 393
288 352
363 131
451 274
243 409
285 17
52 54
69 207
272 299
321 381
256 418
464 309
348 193
466 371
287 1
248 9
234 143
81 269
455 145
325 353
397 284
125 177
299 350
438 232
74 428
334 132
180 487
134 479
357 431
500 425
487 339
269 470
277 221
262 365
107 299
104 82
8 78
287 251
297 477
352 121
463 248
421 192
143 337
351 56
337 158
405 176
138 228
388 308
39 58
56 64
282 411
396 410
453 337
85 86
272 116
220 231
277 7
143 224
372 433
436 4
420 5
422 394
348 17
238 176
468 303
322 454
457 106
382 62
208 331
179 17
4 350
200 320
215 215
55 75
468 456
168 232
6 323
94 442
174 140
44 301
248 132
437 3
45 398
65 156
36 394
198 283
402 82
203 276
233 129
9 318
340 297
493 24
366 421
122 348
155 103
414 487
91 28
72 321
339 32
336 142
412 201
137 421
32 319
302 461
497 101
166 54
250 492
288 59
343 220
97 115
345 367
227 430
39 95
399 455
479 296
50 318
229 166
147 178
380 494
410 374
151 152
386 25
166 76
76 454
238 242
70 88
225 399
400 228
292 94
51 318
166 222
342 110
202 154
136 365
331 175
58 487
244 278
209 213
360 47
48 272
429 176
411 137
333 374
371 266
422 161
383 475
463 354
422 329
20 214
73 201
358 65
265 369
189 362
108 322
341 499
39 136
176 365
222 82
339 405
417 342
166 221
252 482
323 452
131 75
15 479
194 104
326 194
65 43
42 366
322 260
10 359
400 120
381 226
372 444
303 439
327 204
396 273
281 99
92 105
328 397
160 155
499 198
492 420
7 488
498 330
356 140
158 378
495 250
88 257
493 447
175 248
411 57
356 289
7 230
387 300
67 29
254 310
1 430
157 132
390 373
479 275
464 140
208 9
478 33
484 19
298 432
490 56
19 251
130 218
192 73
196 241
490 465
491 469
389 239
94 358
197 190
227 184
2 51
434 329
376 209
10 291
403 421
403 312
365 70
21 255
167 207
160 131
324 406
8 408
85 190
416 3
34 57
402 87
234 352
86 97
247 14
2 98
113 471
5 387
102 167
215 474
338 34
201 332
102 372
368 61
406 454
234 356
160 327
71 409
13 105
93 154
196 260
155 476
441 167
165 297
309 435
161 149
4 282
254 161
1 463
398 68
61 30
175 158
471 429
66 276
83 206
399 291
468 333
431 167
291 422
268 10
204 343
74 259
355 10
272 388
336 354
195 271
149 244
384 106
8 373
486 18
77 377
463 257
449 201
458 479
146 439
435 486
220 235
65 302
118 215
160 254
18 348
449 246
194 169
22 166
261 249
168 406
26 461
127 406
424 488
134 349
317 277
84 379
284 139
291 148
474 41
253 486
114 213
320 466
333 452
283 421
290 71
96 60
373 101
326 456
255 32
261 72
360 448
231 276
108 22
363 419
278 74
464 18
260 347
316 442
36 377
125 397
292 464
164 289
369 135
453 7
4 231
51 359
64 26
285 204
224 490
488 26
299 120
100 481
173 456
168 170
42 178
122 161
402 429
356 25
17 258
485 397
282 306
331 336
225 146
465 488
62 410
402 330
37 86
487 139
477 497
338 333
369 221
483 414
196 190
248 14
469 388
398 452
132 30
389 297
430 275
310 343
48 128
229 386
337 59
393 443
220 115
97 11
356 80
324 495
58 43
107 495
428 72
378 296
117 422
482 290
421 53
259 43
128 386
344 209
349 122
267 43
33 25
177 43
106 294
268 478
457 439
243 313
210 268
384 316
486 414
61 332
116 7
259 28
2 408
448 83
79 131
377 126
84 349
119 410
85 124
447 4
471 248
360 16
352 347
354 100
88 121
249 284
379 374
164 363
135 225
453 396
70 128
199 41
233 108
77 279
413 341
173 270
141 472
84 355
226 320
383 489
32 344
269 102
461 28
479 158
326 63
305 436
78 474
276 289
95 79
343 399
472 420
144 296
26 64
179 158
468 400
458 149
440 338
482 323
378 45
100 347
390 103
88 72
123 234
37 203
303 491
349 94
411 39
454 434
196 429
51 333
481 1
454 75
453 309
393 61
412 205
313 197
159 477
30 251
491 176
304 441
3 30
170 267
145 79
85 362
243 428
247 365
434 245
140 91
225 418
146 9
110 490
297 300
477 272
496 497
233 270
291 491
358 331
20 402
354 125
408 89
268 372
454 319
262 452
173 348
426 278
26 438
285 86
118 77
208 26
494 413
165 191
46 485
254 56
484 462
187 448
392 28
500 336
164 149
101 326
243 456
457 196
17 382
237 278
229 232
371 315
226 118
262 35
368 368
247 82
76 102
251 114
353 135
105 64
364 333
378 470
7 210
149 469
1 478
432 336
321 55
199 223
52 310
214 476
499 54
120 178
119 44
496 303
122 15
317 129
291 4
48 295
381 486
292 142
152 85
228 235
368 377
263 198
128 260
422 408
346 147
253 93
292 220
57 352
297 480
103 303
486 356
428 105
321 400
318 331
39 282
382 61
442 226
297 451
245 287
432 89
302 396
47 100
306 453
410 23
440 32
134 230
378 445
23 279
307 282
76 100
382 498
437 484
322 413
461 187
154 306
483 429
285 2
125 291
372 90
214 284
176 155
129 100
368 179
176 317
487 491
300 65
493 405
222 428
130 447
333 90
50 304
403 496
394 384
461 36
290 135
408 34
472 10
182 32
465 212
81 164
50 123
45 106
451 44
489 396
457 152
12 119
427 293
59 228
377 24
368 24
118 36
274 49
125 336
202 423
108 353
430 366
484 339
445 450
199 214
466 329
107 241
479 458
354 184
341 86
480 315
298 20
182 443
485 435
445 325
239 245
498 117
308 296
290 259
272 404
445 416
272 495
399 384
354 370
169 93
463 100
345 371
71 210
106 124
260 120
486 51
107 220
188 158
487 452
161 356
416 491
166 200
399 196
474 339
286 161
102 176
243 498
142 394
92 377
411 320
273 470
168 83
435 481
109 442
5 253
86 442
299 241
260 266
16 355
136 443
179 439
188 293
365 404
16 254
288 282
257 476
73 212
184 328
306 125
205 206
159 151
225 286
210 500
45 107
246 344
290 129
157 464
29 154
229 167
82 254
429 258
172 92
499 61
418 282
445 275
341 173
239 162
348 202
332 347
405 205
275 239
333 327
61 337
448 416
489 445
491 59
143 48
44 124
304 383
405 474
389 447
96 226
222 484
491 208
235 193
235 493
424 192
431 166
122 487
283 188
442 472
162 40
446 228
279 484
383 120
441 137
68 201
223 390
456 24
384 275
449 359
159 436
13 480
464 171
388 34
25 64
280 267
246 197
298 34
270 292
88 207
296 55
368 389
1 233
308 75
130 158
474 142
85 281
277 308
100 474
134 467
316 111
294 17
343 186
35 91
141 499
177 321
284 161
124 30
454 445
382 488
218 236
256 135
448 113
183 389
435 309
405 458
33 83
420 269
424 252
444 425
311 417
301 323
132 130
479 320
119 33
275 93
281 231
252 84
134 399
459 167
261 418
102 429
36 28
139 204
70 282
491 259
237 301
321 258
328 115
92 408
177 86
350 423
346 192
439 189
170 183
97 289
265 370
142 254
323 73
198 207
160 268
18 484
361 373
253 101
137 396
448 268
239 215
327 499
308 103
223 87
356 103
23 62
458 262
35 422
108 366
328 415
448 81
390 378
313 119
178 400
304 338
335 408
32 356
364 430
102 312
1 220
497 234
454 356
149 473
53 431
372 281
232 473
335 152
109 70
299 145
156 299
131 230
255 136
99 227
55 399
223 405
500 237
363 21
67 235
459 403
63 334
348 328
68 321
344 71
343 412
58 272
287 189
145 15
273 415
427 250
435 480
114 462
236 2
59 207
404 353
257 435
43 109
40 209
28 208
174 236
475 325
305 337
404 218
460 248
385 85
66 398
277 173
166 46
365 170
313 433
487 140
326 319
473 20
366 57
479 436
44 106
29 364
495 94
375 404
145 350
462 158
102 34
111 16
389 251
229 334
465 303
130 280
243 449
294 370
45 341
145 455
221 2
168 165
354 496
460 93
285 190
15 224
388 227
356 376
309 124
313 167
121 122
37 282
99 173
61 230
141 48
488 196
369 203
308 461
480 93
196 454
41 248
323 447
467 165
241 422
153 400
306 485
5 293
74 485
166 97
473 322
146 416
61 474
296 75
461 11
345 336
299 94
445 74
213 252
422 328
280 426
198 352
420 57
82 62
118 244
375 19
36 214
9 341
344 142
153 178
350 73
13 151
255 469
249 381
116 142
245 18
333 87
159 392
257 494
470 187
224 431
471 275
118 489
408 105
274 387
228 280
296 308
130 220
140 484
367 50
15 294
25 95
450 391
204 140
84 118
325 329
34 237
500 347
397 240
189 293
217 235
72 350
12 202
358 181
166 119
480 165
283 217
367 372
315 402
269 419
58 80
316 100
335 435
276 422
439 388
214 444
180 287
1 62
101 72
377 124
191 434
33 15
183 246
389 115
257 260
52 254
229 361
130 68
50 371
378 387
203 181
362 51
312 225
98 295
57 60
381 91
208 68
239 88
368 42
228 42
245 186
19 374
35 269
469 253
248 474
151 336
39 198
24 60
402 308
211 128
265 139
78 80
355 235
74 79
384 99
35 325
387 478
307 438
49 126
133 248
203 62
187 343
110 368
378 372
455 344
498 109
194 38
409 231
281 384
165 235
476 90
433 12
195 397
263 334
105 114
53 277
411 65
277 351
45 328
310 333
209 431
424 97
470 370
287 426
369 103
38 98
233 415
274 242
163 273
16 248
385 96
497 221
416 45
331 282
268 244
410 184
117 77
99 60
163 429
47 273
111 39
219 163
4 330
439 201
334 380
67 300
152 405
124 406
259 26
234 374
28 497
92 174
468 282
44 26
389 298
48 198
314 235
3 322
102 499
500 462
308 439
187 324
109 393
209 258
365 302
416 430
157 421
308 320
370 376
401 421
151 109
484 288
322 446
459 327
73 324
221 466
22 441
286 93
456 333
108 409
340 156
301 75
428 183
209 313
33 282
38 331
315 391
491 222
131 255
116 235
306 444
322 42
383 411
260 404
184 115
26 374
270 461
390 427
115 90
1 155
76 268
274 422
499 405
405 116
19 450
235 392
394 202
393 45
454 282
434 400
485 291
431 370
129 420
202 56
131 25
159 51
8 433
442 317
467 494
328 288
157 149
93 93
71 23
290 30
190 314
153 180
189 491
58 316
280 63
271 486
31 450
420 410
228 199
394 89
120 75
128 259
104 295
479 90
211 407
136 259
437 97
273 295
269 422
408 337
480 249
147 194
9 407
290 343
29 321
495 266
500 147
439 254
312 161
203 85
331 434
317 193
430 48
169 248
339 372
248 258
374 164
393 109
402 12
39 164
91 380
127 328
291 285
159 202
121 348
87 234
486 500
297 411
230 497
151 205
109 108
500 324
92 114
185 462
202 392
485 285
186 210
316 142
454 232
264 285
468 148
270 122
62 47
54 261
360 452
100 362
288 121
285 70
339 45
476 32
81 247
175 273
86 298
41 449
253 180
364 228
202 388
324 332
229 409
109 498
481 476
220 366
349 232
46 75
246 192
31 75
242 152
13 411
255 432
70 17
252 82
433 263
159 470
324 283
436 359
260 353
28 387
187 313
121 79
493 337
441 296
249 20
19 236
244 91
137 405
148 233
413 179
376 302
222 365
488 445
401 378
198 382
453 453
317 383
197 5
225 183
67 54
169 378
9 329
2 35
191 463
163 63
464 414
487 88
294 492
102 146
500 473
223 397
67 328
439 55
231 270
469 236
78 463
311 294
392 306
141 51
396 434
452 190
291 228
388 169
288 49
139 338
322 396
471 477
392 80
264 77
470 257
353 375
88 246
232 87
250 319
469 89
346 4
146 401
262 63
470 174
474 21
249 78
456 259
184 221
479 425
198 498
132 186
230 4
138 95
217 410
298 69
206 431
136 258
306 291
81 327
427 312
258 391
17 26
211 145
236 444
154 444
293 386
57 345
371 494
159 378
234 77
397 216
178 5
234 135
266 323
202 459
132 146
156 274
319 208
49 1
470 107
269 201
486 131
201 191
239 457
226 372
147 201
98 404
221 126
411 118
379 489
104 311
130 313
212 311
439 95
311 454
368 208
363 357
302 25
412 142
354 21
341 489
268 375
129 157
403 332
330 383
123 342
208 269
174 248
246 80
372 29
476 66
184 372
328 222
28 80
463 101
375 90
283 101
467 113
77 340
252 161
2 22
340 476
354 436
336 473
59 312
264 306
140 51
432 116
328 431
75 22
60 10
136 82
255 5
293 22
188 479
453 83
16 66
149 120
50 476
72 340
81 324
158 341
353 26
459 313
5 290
239 64
59 456
2 254
285 220
22 482
224 66
275 361
464 329
182 119
64 481
161 22
410 46
327 405
208 39
5 447
414 432
495 395
350 5
271 170
454 190
374 425
437 278
461 229
435 150
161 444
37 498
458 125
495 475
413 271
5 159
54 269
247 237
381 186
64 289
75 456
474 65
242 464
471 382
263 300
324 54
86 204
319 474
34 450
150 253
456 208
412 45
304 125
405 462
454 166
191 213
369 458
113 346
403 164
233 260
356 157
386 353
305 459
19 459
1 282
482 215
374 488
133 208
283 427
333 24
206 202
396 80
52 356
159 235
398 450
292 162
426 85
307 137
119 117
464 132
54 96
32 345
368 175
222 28
434 10
352 25
442 35
16 181
448 333
436 159
228 46
51 325
405 398
155 129
363 266
264 330
145 312
279 328
24 75
268 108
207 162
459 89
386 427
263 359
66 282
411 93
396 25
20 142
442 333
188 86
109 304
420 245
169 194
493 419
91 235
57 382
130 172
72 385
380 430
403 188
243 13
151 385
13 71
41 40
28 237
458 395
111 146
451 176
218 277
284 248
34 494
365 144
443 439
126 233
90 168
186 45
477 163
378 2
311 112
461 102
40 109
293 144
427 40
171 46
318 444
94 254
112 266
157 60
447 281
198 220
1 382
30 68
202 235
41 25
267 491
119 149
124 328
96 102
58 328
151 462
28 372
353 200
46 340
252 4
403 117
380 233
429 269
125 203
465 144
88 445
170 263
452 405
475 277
196 113
137 105
230 87
107 156
290 472
148 283
148 207
417 343
493 209
469 12
38 356
365 252
193 281
368 58
384 235
401 383
332 45
236 383
393 431
119 368
269 100
132 20
471 337
154 497
207 244
225 470
35 90
493 396
149 344
111 365
361 81
99 350
415 324
367 435
368 222
245 39
480 203
93 405
307 488
315 364
471 114
360 150
286 347
36 263
218 135
218 169
358 490
270 335
379 431
271 367
173 387
364 281
118 206
309 148
188 142
69 156
349 477
5 328
446 169
15 434
44 149
179 350
410 181
259 383
104 408
116 325
368 484
380 257
285 429
450 368
389 94
150 295
198 390
117 265
357 154
262 39
362 305
359 438
52 176
120 457
326 164
300 232
303 88
194 386
348 392
202 95
433 283
139 112
40 50
376 352
247 286
173 226
14 292
331 453
48 97
52 311
115 343
344 226
348 166
441 321
139 340
433 348
433 198
60 106
11 101
379 268
85 461
242 239
289 97
314 440
378 420
51 163
241 238
373 378
27 172
463 144
479 466
406 10
306 198
114 38
155 162
252 358
29 429
102 373
221 369
81 22
87 125
251 327
287 478
53 57
79 491
329 314
459 190
349 18
220 279
491 306
403 34
473 133
51 360
238 451
228 34
292 484
277 255
108 347
498 413
392 53
219 197
311 141
447 450
499 473
61 399
425 437
251 157
452 92
150 137
157 14
367 266
249 350
372 141
164 364
435 23
148 469
79 298
438 33
239 307
333 453
87 175
257 282
232 46
141 406
230 342
187 57
127 459
358 155
477 21
163 271
42 101
68 194
121 36
115 402
220 229
69 429
15 85
175 400
299 469
356 252
384 317
428 406
149 309
157 408
191 226
239 290
279 394
37 192
71 354
136 490
292 138
68 449
324 312
260 176
417 149
55 384
472 107
369 219
93 465
324 195
376 288
418 471
120 100
82 10
423 397
187 366
371 410
328 138
262 239
481 325
72 263
333 135
120 461
391 477
134 28
115 192
56 372
372 267
434 17
342 429
390 372
490 201
341 455
200 389
261 439
430 418
220 329
265 493
461 54
187 110
448 137
137 160
95 316
214 166
130 265
69 402
295 307
335 420
339 251
167 238
498 259
223 221
427 365
153 407
280 49
444 303
389 5
180 408
257 490
57 484
299 399
52 447
283 156
26 70
314 259
232 111
165 429
106 186
312 476
193 161
415 396
332 299
81 407
491 77
497 376
55 128
138 482
32 264
309 412
254 427
117 235
122 79
69 127
295 248
318 159
216 358
71 24
121 31
245 381
44 359
201 472
49 52
382 11
111 78
440 118
379 205
178 317
251 81
374 353
480 233
341 355
251 145
266 101
444 280
191 409
29 214
191 412
295 251
78 241
377 168
233 371
266 487
355 157
272 400
246 317
137 251
425 382
243 209
176 377
136 25
340 251
301 9
443 314
402 125
471 211
436 341
392 182
7 121
232 136
170 207
300 299
49 75
376 452
181 211
451 27
297 92
344 76
480 16
412 175
185 172
160 106
12 391
211 408
30 213
195 375
41 408
14 433
138 355
319 12
132 54
43 256
495 132
449 209
368 110
381 355
485 454
185 177
81 163
500 102
112 423
364 481
366 80
350 4
296 460
177 176
151 289
5 250
227 243
357 266
333 377
383 69
277 463
416 470
473 495
15 410
481 381
458 304
60 80
385 422
78 213
42 471
328 392
331 256
114 314
118 68
145 353
7 179
108 184
21 103
458 209
410 492
282 279
25 325
302 2
466 271
349 138
464 367
377 350
182 412
369 326
413 199
178 44
356 497
165 183
191 458
356 463
299 388
160 266
456 91
117 339
260 39
401 478
238 307
348 339
188 448
193 286
275 100
354 385
222 220
39 387
458 57
96 413
91 120
232 376
30 495
14 364
394 420
192 485
154 303
347 242
225 270
407 155
247 289
491 304
160 286
325 212
446 144
377 367
74 422
239 149
254 441
103 494
288 458
182 403
31 117
171 146
325 345
438 131
107 359
269 167
464 241
230 70
88 290
52 496
212 463
149 126
334 310
134 88
135 454
315 449
143 277
447 308
104 349
151 81
210 33
276 146
285 230
232 181
330 73
479 491
118 441
31 322
299 459
30 446
220 358
229 19
405 336
467 484
409 319
444 39
487 259
403 419
293 355
19 32
52 342
95 189
417 242
379 467
458 208
84 452
483 361
446 387
158 257
386 494
115 372
116 472
256 452
208 201
301 415
128 196
9 342
320 338
35 112
350 62
405 409
138 447
136 165
196 286
97 287
4 295
442 113
138 461
3 481
70 479
236 231
57 61
112 491
339 362
281 230
490 451
413 55
111 41
78 371
382 137
370 325
311 113
230 159
242 493
164 358
459 452
317 246
467 288
98 415
270 403
322 126
228 36
54 74
128 160
416 151
25 154
296 190
76 402
151 422
195 449
239 140
79 242
97 279
449 497
309 364
397 453
322 350
369 232
261 261
295 427
78 480
448 58
112 326
326 426
495 426
240 167
443 204
137 486
344 262
166 318
491 177
480 314
364 473
373 228
23 242
492 116
82 48
175 108
450 11
303 205
13 341
486 264
237 288
295 343
97 77
354 308
30 30
26 313
98 140
66 149
8 303
477 495
258 482
275 222
10 191
467 65
92 488
291 401
296 331
140 500
218 445
37 459
313 492
170 416
300 152
239 329
402 225
189 74
168 389
384 198
283 422
144 354
482 400
245 154
136 190
406 244
154 258
377 176
218 300
112 209
440 58
386 267
52 84
62 451
428 472
462 244
34 319
37 298
135 438
308 443
317 74
256 315
179 162
137 234
257 365
408 230
4 432
426 126
235 169
171 245
44 50
182 496
184 205
213 247
414 31
306 411
122 220
50 486
277 238
196 13
108 78
466 472
491 422
231 110
156 61
198 40
80 17
15 417
322 137
259 457
117 284
375 476
343 120
247 464
333 474
148 69
2 277
3 110
367 320
180 17
281 350
257 341
472 276
207 495
306 461
153 108
399 51
277 35
263 391
357 305
481 475
427 24
360 259
242 298
224 84
83 122
318 284
493 495
16 376
255 288
281 485
208 123
96 367
211 279
305 201
348 393
74 16
199 467
420 414
243 462
21 462
243 463
246 400
166 223
121 71
493 59
177 178
469 399
382 300
145 478
120 278
277 450
409 370
414 441
310 325
251 294
247 250
80 39
171 428
409 339
279 460
89 431
252 387
10 334
189 177
219 336
221 210
4 20
485 164
310 355
420 441
37 106
91 5
55 93
486 306
27 50
496 149
349 104
31 167
299 153
465 280
214 135
385 288
281 473
317 482
267 200
408 417
