70 13
100000 201
100000 202
100000 203
100000 204
100000 205
100000 206
100000 207
100001 220
100001 230
100001 240
100001 250
100000 260
100000 270
100001 1200
100001 1200
100001 1200
100001 1200
100000 2100
100000 2010
100000 2010
100001 2010
100001 2010
100000 2001
100000 21010
100000 2010
100000 2010
100000 2001
100000 2100
100000 200
100000 2010
100000 2001
100000 2010
100000 200
100000 200
100000 200
100000 200
100000 200
100000 200
100000 200
100000 200
100000 200
100000 200
100000 200
100000 200
100000 200
100000 200
100000 200
100000 200
100000 200
100001 200
100001 200
100001 200
100001 200
100001 200
100001 200
100002 200
100002 200
100002 200
100002 200
100002 200
100002 200
100000 200
100000 200
100000 200
100002 200
100000 200
100000 200
100000 200
100002 200
100000 200
