200
1 -2 998 256
-383 -3 478 128
-194 -2 214 64
-98 -2 2086 32
-146 -2 2018 16
-170 -2 1984 8
-182 -2 1959 4
-188 -2 1949 2
-176 -2 1942 2
-182 -8 1950 2
-158 -2 1964 4
-164 -2 1947 2
-158 4 1950 2
-170 -14 3968 4
-176 -14 5951 2
-164 -14 5960 2
-170 -20 3955 2
-170 -8 3960 2
-146 22 3980 8
-158 22 5955 4
-164 22 7944 2
-158 16 7940 2
-158 28 5945 2
-146 10 3956 4
-152 10 3939 2
-140 10 3941 2
-146 4 3943 2
-146 16 3940 2
-146 34 3957 4
-152 34 5949 2
-140 34 5948 2
-146 40 3948 2
-50 -2 2016 16
-74 -2 3975 8
-86 -2 3957 4
-92 -2 3947 2
-80 -2 3940 2
-86 -8 3940 2
-86 4 3942 2
-62 -2 3958 4
-68 -2 5945 2
-62 -8 5946 2
-62 4 3950 2
-26 -2 3980 8
-38 -2 5955 4
-32 -2 5939 2
-38 -8 5943 2
-26 10 3963 4
-32 10 3946 2
-20 10 3950 2
-50 -26 1975 8
-50 -14 1950 4
-56 -14 1937 2
-44 -14 1941 2
-50 -20 1942 2
-50 -8 1942 2
-50 22 1975 8
-62 22 3950 4
-62 16 3938 2
-62 28 3941 2
-38 22 1958 4
-44 22 3947 2
-32 22 3949 2
-38 16 1942 2
-38 28 3947 2
-50 10 1952 4
-56 10 3941 2
-50 16 1942 2
-98 -50 4014 16
-122 -50 3974 8
-134 -50 3954 4
-140 -50 3942 2
-128 -50 3943 2
-134 -44 3940 2
-110 -50 3955 4
-116 -50 3944 2
-122 -62 3949 4
-128 -62 3935 2
-116 -62 5934 2
-122 -38 3949 4
-128 -38 3937 2
-116 -38 3935 2
-122 -44 3939 2
-122 -32 3940 2
-74 -50 3980 8
-86 -50 5957 4
-80 -50 7940 2
-98 -26 3977 8
-110 -26 3961 4
-116 -26 3951 2
-110 -32 5946 2
-86 -26 5958 4
-92 -26 7949 2
-80 -26 5947 2
-86 -32 5948 2
-86 -20 5945 2
-98 -14 3957 4
-104 -14 3944 2
-98 -20 5949 2
-98 46 4016 16
-122 46 3984 8
-122 34 3959 4
-128 34 3943 2
-122 28 3946 2
-122 40 3945 2
-74 46 3980 8
-86 46 3962 4
-92 46 3952 2
-80 46 3949 2
-86 40 3950 2
-86 52 3952 2
-62 46 3957 4
-56 46 3949 2
-62 40 3943 2
-62 52 3948 2
-74 58 3958 4
-80 58 5946 2
-68 58 3943 2
-74 52 3944 2
-74 64 3949 2
-98 22 3975 8
-110 22 3957 4
-116 22 3948 2
-104 22 5948 2
-110 16 3947 2
-110 28 3945 2
-86 22 5955 4
-80 22 5941 2
-86 28 5945 2
-98 10 3957 4
-98 4 5945 2
-98 16 3949 2
-98 34 3957 4
-104 34 5947 2
-92 34 5945 2
-98 70 3975 8
-110 70 3954 4
-116 70 3940 2
-104 70 3945 2
-110 64 3942 2
-110 76 3938 2
-86 70 3952 4
-92 70 3938 2
-86 64 3936 2
-194 -98 2086 32
-242 -98 2014 16
-266 -98 3978 8
-278 -98 3959 4
-272 -98 3948 2
-278 -92 3943 2
-254 -98 5958 4
-260 -98 5944 2
-254 -104 5942 2
-266 -110 3955 4
-260 -110 3941 2
-266 -116 5940 2
-266 -104 3943 2
-266 -86 5954 4
-260 -86 7942 2
-266 -92 7944 2
-266 -80 5937 2
-194 -146 2021 16
-218 -146 1987 8
-206 -146 1967 4
-212 -146 1957 2
-200 -146 1951 2
-206 -140 1957 2
-218 -158 1965 4
-218 -134 1962 4
-224 -134 1949 2
-218 -140 3949 2
-170 -146 3988 8
-182 -146 5969 4
-188 -146 5959 2
-182 -152 5952 2
-158 -146 3968 4
-164 -146 3953 2
-158 -152 3951 2
-158 -140 3956 2
-170 -158 3972 4
-164 -158 3959 2
-170 -164 5959 2
-170 -152 3962 2
-194 -122 1984 8
-206 -122 1968 4
-200 -122 1952 2
-206 -128 3956 2
-194 -110 1963 4
-200 -110 1949 2
-188 -110 1955 2
-194 -116 1952 2
-194 -50 2018 16
-218 -50 1981 8
-218 -62 1961 4
-224 -62 1944 2
-218 -68 3949 2
-218 -38 1958 4
-218 -44 3948 2
-218 -32 1949 2
-170 -50 3977 8
