800
1479
576
1156
4631
1701
865
3688
3786
194
3167
618
1650
1232
139
388
10
365
1386
4024
2731
4348
1528
2643
4228
3156
3737
2325
4768
1210
4293
4090
1292
1165
4960
2962
3670
4870
1229
1354
2562
2360
710
3257
1306
993
2251
1971
510
3079
2543
362
261
1634
3291
3869
1132
87
3224
2771
1404
3082
505
1413
4173
1702
2336
3403
4269
2760
4796
3011
1160
2978
2216
4233
248
198
1646
287
1256
4956
4187
2496
3597
2056
1265
3812
4921
2972
116
3453
254
1219
4049
398
387
4030
4276
4713
4471
4954
1351
1956
2943
3242
527
2126
3256
2120
1565
917
2037
4318
4803
2231
3631
4453
1523
2213
1185
4135
2918
1270
2697
1904
3205
1823
702
1354
3678
766
518
2049
757
1878
3230
4109
2311
4659
813
3548
2828
2335
2095
1752
4205
3011
4460
3680
218
4207
2468
668
3965
2265
820
4933
3831
4356
335
4144
4772
2075
1860
659
2954
1856
4289
1304
3066
3693
4104
4787
3834
906
127
113
3536
4920
3384
610
3579
318
3265
4430
4417
1620
2408
3619
4366
4559
3959
136
3113
797
1147
3411
2962
1359
343
318
2119
232
19
4657
557
883
4281
4518
264
4685
903
2128
2914
1460
27
2042
4264
3659
954
4788
823
1879
700
4332
584
727
4232
3951
877
248
2569
1406
2621
4418
1150
494
1552
4413
2159
2353
3189
670
725
1136
4609
3940
1156
4893
2324
1845
650
3786
1796
3659
4135
4000
400
2301
173
1939
1874
3774
4096
4590
1556
535
792
3148
2952
1532
816
3268
2436
2883
4757
1553
129
4453
2008
4137
1242
3782
1394
4471
3456
129
2297
3672
2099
2597
1230
3050
1208
2578
7
4657
4733
2010
2943
1988
3466
165
1761
4179
4461
2972
3111
3312
1015
87
4892
695
2494
1216
3784
4218
4552
4411
2670
149
1551
331
2866
3975
4209
2692
2336
1159
1790
1405
2306
4896
4383
1131
954
4268
2045
4223
4102
2362
3889
3318
4070
252
1380
31
4126
3918
1413
2519
2193
2492
952
863
3748
2422
1286
538
73
3414
1194
429
4284
3270
4570
3137
3810
4981
4300
1567
4248
668
449
2015
758
3258
2031
255
4424
2976
2943
3354
2255
2034
3827
1191
745
2113
2928
2931
4159
506
239
4927
4985
2025
470
2782
196
31
1665
1571
3270
1210
2471
4436
3123
4930
2405
1055
2388
4315
626
3712
3702
2369
29
4955
3929
2786
4701
2075
2490
1286
46
4886
1221
4589
1108
4555
4434
397
905
2446
4091
2984
1811
4231
1287
252
4290
737
1431
4371
3525
3276
1830
4358
738
2435
1576
195
2248
563
4912
4367
568
4434
506
2908
3084
835
296
4323
117
4042
2841
1001
401
439
2324
3969
3299
1749
667
3099
3280
4621
1390
1129
3465
552
166
1109
1291
1381
3228
3131
581
1840
1056
2442
578
1893
1011
2318
3724
2851
3848
1290
253
2492
263
597
3875
682
4917
3966
4107
3214
1586
3073
2045
2866
4380
3314
2630
2904
1192
724
2694
4512
1792
2169
345
890
4258
2157
2476
2003
4647
892
3456
210
1085
4415
4290
3263
4701
3957
2805
2410
1073
2849
1646
4581
2104
609
2144
3901
4511
58
3341
4001
2337
4580
1722
3878
2170
3882
3454
1272
973
2866
2177
3805
2722
4466
1642
4363
1245
3571
3746
3456
2962
381
3759
2539
4425
2812
790
3526
845
3811
2786
997
3018
683
1623
4799
1333
4799
65
2070
1768
1286
3661
3880
63
4562
1858
2993
1477
1825
3884
491
4816
2858
1208
222
636
754
4601
1329
4808
4425
119
330
4865
1
4537
486
2787
4481
2045
2452
4174
1243
233
1427
4947
3279
4693
2304
3028
1249
2750
542
3650
4734
3141
2756
3229
1283
4690
2248
2968
4110
3259
972
4610
573
2537
662
2025
4764
457
2110
3537
3841
4294
2830
1168
3957
3732
4587
4232
2889
2451
3528
934
2731
37
1904
2904
2261
2249
1611
3843
4841
3955
1035
4689
3955
268
2941
3992
4753
2694
2380
3405
1201
3324
4864
4472
4706
1385
1275
4127
1310
2675
2258
2590
835
3701
1072
3561
2569
3546
138
2907
3357
2781
2773
3241
215
4958
2829
3087
815
2475
1238
533
1460
4881
4694
2559
3396
3892
2942
2454
4587
688
2433
3993
297
2268
305
2304
2099
4928
3940
2586
1163
4142
2579
4109
2939
1410
3720
3162
1587
4850
3299
4874
3771
1601
4874
82
2668
1321
4301
4656
4316
1331
2643
4972
4635
200
1290
4440
1763
2820
4517
2260
4533
1269
985
1837
4230
2006
1901
2521
2969
1193
4821
4588
3300
1197
3351
3645
4925
2567
4206
1879
605
2027
4370
4808
